EPSG_25832/clc_buek_grid_profile_25832_21.asc
ncols        641
nrows        866
xllcorner    280356.848233341298
yllcorner    5235360.556800000370
cellsize     1000.000000000000
NODATA_value -9999
[rows 576 to 611 of 866, columns 0 to 79 of 641]
-9999 -9999 -9999 -9999 -9999 -9999 -9999 -9999 -9999 -9999 -9999 -9999 -9999 -9999 -9999 -9999 -9999 -9999 -9999 -9999 -9999 -9999 -9999 -9999 -9999 -9999 -9999 17708 17708 -9999 17708 2553 2553 994 994 17708 17708 7190 982 982 982 982 985 982 1008 1008 1008 7155 8061 8061 8061 8061 8061 8061 8061 7988 7988 7988 17777 17777 935 935 926 953 17951 953 953 17885 17951 17951 17906 17906 17906 17906 17906 17885 17885 17906 17906 17906
-9999 -9999 -9999 -9999 -9999 -9999 -9999 -9999 -9999 -9999 -9999 -9999 -9999 -9999 -9999 -9999 -9999 -9999 -9999 -9999 -9999 -9999 -9999 -9999 -9999 -9999 -9999 17708 17708 -9999 17708 17708 17708 2553 994 17708 997 7190 7190 982 997 997 985 985 1008 982 7155 17253 8061 8061 8061 8061 8061 8061 8061 8061 8061 17777 17777 17777 17789 17906 1716 17951 17951 17951 953 953 17951 935 17888 17906 17906 17906 17906 17885 17915 17885 17906 17988
-9999 -9999 -9999 -9999 -9999 -9999 -9999 -9999 -9999 -9999 -9999 -9999 -9999 -9999 -9999 -9999 -9999 -9999 -9999 -9999 -9999 -9999 -9999 -9999 -9999 -9999 -9999 -9999 -9999 -9999 -9999 17708 17708 2553 2553 2553 997 7190 7190 997 982 997 982 982 985 982 982 7190 8061 8061 8061 8061 8061 8061 17777 17777 17777 17777 17777 17789 17885 17906 17906 17906 805 905 805 17951 17951 17906 17888 17906 17906 17906 17906 17915 17988 17915 17988 17988
-9999 -9999 -9999 -9999 -9999 -9999 -9999 -9999 -9999 -9999 -9999 -9999 -9999 -9999 -9999 -9999 -9999 -9999 -9999 -9999 -9999 -9999 -9999 -9999 -9999 -9999 -9999 -9999 -9999 -9999 -9999 -9999 17708 17708 2553 997 7190 7190 7190 7190 982 7190 982 982 985 982 1050 1050 7988 8061 8061 8061 7988 7988 17777 17777 17777 805 805 17888 17906 17885 17906 805 805 905 905 17951 905 17906 17906 17885 17885 17885 17915 17988 17988 17988 17915 17915
-9999 -9999 -9999 -9999 -9999 -9999 -9999 -9999 -9999 -9999 -9999 -9999 -9999 -9999 -9999 -9999 -9999 -9999 -9999 -9999 -9999 -9999 -9999 -9999 -9999 -9999 -9999 -9999 -9999 -9999 -9999 -9999 -9999 -9999 17708 7190 7190 -9999 7190 7190 7190 7190 7190 982 985 1008 1050 1050 7155 7988 8061 8061 8061 7988 805 805 805 805 805 17885 17906 17906 17906 953 805 17951 17951 19276 805 17903 17885 17885 17885 17915 17916 17988 17915 17906 17906 17906
-9999 -9999 -9999 -9999 -9999 -9999 -9999 -9999 -9999 -9999 -9999 -9999 -9999 -9999 -9999 -9999 -9999 -9999 -9999 -9999 -9999 -9999 -9999 -9999 -9999 -9999 -9999 -9999 -9999 -9999 -9999 -9999 -9999 -9999 -9999 -9999 -9999 -9999 -9999 -9999 7190 7190 7190 982 1008 1050 1050 1050 7155 7988 7988 7988 8061 805 805 805 805 17951 805 805 17951 953 17906 953 17951 17951 17885 17885 17951 17885 17885 17885 17885 17885 17906 17906 17906 17906 17906 17906
-9999 -9999 -9999 -9999 -9999 -9999 -9999 -9999 -9999 -9999 -9999 -9999 -9999 -9999 -9999 -9999 -9999 -9999 -9999 -9999 -9999 -9999 -9999 -9999 -9999 -9999 -9999 -9999 -9999 -9999 -9999 -9999 -9999 -9999 -9999 -9999 -9999 -9999 -9999 -9999 7190 7190 982 1008 7155 1050 1050 7155 7155 7988 8061 7988 7988 805 19284 805 17885 17906 17951 805 805 17906 17906 953 17951 17885 17906 17885 17885 17906 17906 17906 17885 17885 17885 17885 17885 17906 17885 17885
-9999 -9999 -9999 -9999 -9999 -9999 -9999 -9999 -9999 -9999 -9999 -9999 -9999 -9999 -9999 -9999 -9999 -9999 -9999 -9999 -9999 -9999 -9999 -9999 -9999 -9999 -9999 -9999 -9999 -9999 -9999 -9999 -9999 -9999 -9999 -9999 -9999 -9999 -9999 -9999 7190 1008 1008 7155 997 1050 7155 7155 8061 8061 8061 7988 805 805 19276 867 867 867 17906 17951 17951 805 805 905 805 17885 17906 17906 17885 17906 17906 17906 17888 17885 17885 17885 17885 17885 17885 17906
-9999 -9999 -9999 -9999 -9999 -9999 -9999 -9999 -9999 -9999 -9999 -9999 -9999 -9999 -9999 -9999 -9999 -9999 -9999 -9999 -9999 -9999 -9999 -9999 -9999 -9999 -9999 -9999 -9999 -9999 -9999 -9999 -9999 -9999 -9999 -9999 -9999 -9999 -9999 -9999 7190 7190 7155 997 997 997 1008 8061 8061 8061 8061 8061 805 805 17885 17951 17957 867 17906 17951 17885 17885 17906 17885 17885 17906 17906 17906 17885 17906 17906 17906 17906 17906 17906 17885 17885 17885 17906 17906
-9999 -9999 -9999 -9999 -9999 -9999 -9999 -9999 -9999 -9999 -9999 -9999 -9999 -9999 -9999 -9999 -9999 -9999 -9999 -9999 -9999 -9999 -9999 -9999 -9999 -9999 -9999 -9999 -9999 -9999 -9999 -9999 -9999 -9999 -9999 -9999 -9999 -9999 -9999 -9999 7190 7190 7190 997 997 997 1050 8061 8061 8061 8061 805 805 17885 1716 17967 17906 17906 17906 19276 17906 17885 17906 17885 17906 17906 17885 17885 17885 17906 17906 17906 17906 17906 17906 17906 17906 17906 17885 17885
-9999 -9999 -9999 -9999 -9999 -9999 -9999 -9999 -9999 -9999 -9999 -9999 -9999 -9999 -9999 -9999 -9999 -9999 -9999 -9999 -9999 -9999 -9999 -9999 -9999 -9999 -9999 -9999 -9999 -9999 -9999 -9999 -9999 -9999 -9999 -9999 -9999 -9999 -9999 7190 7190 7190 997 997 997 997 1050 8061 8061 19275 19275 19276 935 935 1716 17885 17951 17958 17906 17885 17885 17885 17885 17885 17906 17906 17885 17885 17885 17906 17906 17906 17906 17906 17984 17906 17906 17906 17885 17906
-9999 -9999 -9999 -9999 -9999 -9999 -9999 -9999 -9999 -9999 -9999 -9999 -9999 -9999 -9999 -9999 -9999 -9999 -9999 -9999 -9999 -9999 -9999 -9999 -9999 -9999 -9999 -9999 -9999 -9999 -9999 -9999 -9999 -9999 -9999 -9999 -9999 -9999 -9999 7190 997 997 997 997 997 7155 7155 8061 805 19275 19276 935 935 935 1716 17885 17951 17906 17906 17885 17885 17885 17885 17885 17906 17906 17906 17906 17885 17906 17906 17906 17906 17906 17906 17906 17906 17906 17906 17906
-9999 -9999 -9999 -9999 -9999 -9999 -9999 -9999 -9999 -9999 -9999 -9999 -9999 -9999 -9999 -9999 -9999 -9999 -9999 -9999 -9999 -9999 -9999 -9999 -9999 -9999 -9999 -9999 -9999 -9999 -9999 -9999 -9999 -9999 -9999 -9999 -9999 -9999 -9999 19159 997 997 982 997 982 8061 8061 805 805 19276 935 935 935 935 17906 17906 17885 19276 17906 17906 17906 17885 17885 17885 17885 17906 17906 17906 17906 17885 17885 17906 17906 17906 17906 17906 17906 17906 17906 17906
-9999 -9999 -9999 -9999 -9999 -9999 -9999 -9999 -9999 -9999 -9999 -9999 -9999 -9999 -9999 -9999 -9999 -9999 -9999 -9999 -9999 -9999 -9999 -9999 -9999 -9999 -9999 -9999 -9999 -9999 -9999 -9999 -9999 -9999 -9999 -9999 -9999 -9999 -9999 19159 997 982 997 997 8061 7155 8061 805 805 935 935 17885 935 935 17906 17906 17885 17885 17906 17906 17906 17906 17906 17885 17906 17906 17906 17906 17906 17906 17885 17906 17906 17906 17906 17906 17906 1716 1716 17915
-9999 -9999 -9999 -9999 -9999 -9999 -9999 -9999 -9999 -9999 -9999 -9999 -9999 -9999 -9999 -9999 -9999 -9999 -9999 -9999 -9999 -9999 -9999 -9999 -9999 -9999 -9999 -9999 -9999 -9999 -9999 -9999 -9999 -9999 -9999 -9999 -9999 -9999 -9999 883 884 997 997 895 8061 805 805 805 935 17906 935 935 935 17906 17906 17906 17885 17906 17885 17885 17906 17906 17906 17906 17906 17906 17915 17915 17906 17906 17906 17885 17906 17906 17906 17906 1716 1716 17988 17915
-9999 -9999 -9999 -9999 -9999 -9999 -9999 -9999 -9999 -9999 -9999 -9999 -9999 -9999 -9999 -9999 -9999 -9999 -9999 -9999 -9999 -9999 -9999 -9999 -9999 -9999 -9999 -9999 -9999 -9999 -9999 -9999 -9999 -9999 -9999 -9999 -9999 -9999 -9999 19284 19159 19159 8061 8061 8061 805 805 935 17906 17906 935 17906 17906 17906 17906 17906 17885 17906 17885 17906 17906 17906 17906 17906 17915 17984 17984 17984 17906 17906 17906 17906 17885 17888 17906 17906 17906 1913 17915 17988
-9999 -9999 -9999 -9999 -9999 -9999 -9999 -9999 -9999 -9999 -9999 -9999 -9999 -9999 -9999 -9999 -9999 -9999 -9999 -9999 -9999 -9999 -9999 -9999 -9999 -9999 -9999 -9999 -9999 -9999 -9999 -9999 -9999 -9999 -9999 -9999 -9999 -9999 19160 19160 982 7190 805 805 805 805 935 17906 17906 17906 17885 17906 17885 17906 17906 17885 17885 17906 17885 17906 17906 17906 17915 17915 17984 17984 17988 17984 17906 17906 17906 17906 17906 17906 17906 17906 17988 1913 17988 17988
-9999 -9999 -9999 -9999 -9999 -9999 -9999 -9999 -9999 -9999 -9999 -9999 -9999 -9999 -9999 -9999 -9999 -9999 -9999 -9999 -9999 -9999 -9999 -9999 -9999 -9999 -9999 -9999 -9999 -9999 -9999 -9999 -9999 -9999 -9999 -9999 19284 19160 982 982 7190 7190 7988 805 805 805 935 17906 17906 17906 17906 17906 17885 17906 17906 17885 17906 17906 17885 17906 17906 17906 17885 17915 17984 17988 17988 17915 17906 17906 17906 17885 17906 17906 17906 17915 17988 17988 1913 1913
-9999 -9999 -9999 -9999 -9999 -9999 -9999 -9999 -9999 -9999 -9999 -9999 -9999 -9999 -9999 -9999 -9999 -9999 -9999 -9999 -9999 -9999 -9999 -9999 -9999 -9999 -9999 -9999 -9999 -9999 -9999 -9999 -9999 -9999 -9999 19284 19160 982 895 895 8061 8061 7988 805 935 968 968 968 968 17951 17906 17906 17888 17906 17906 17885 17906 17906 17906 17885 17885 17885 17885 17984 17988 17988 17984 17906 17906 17906 17906 17906 17885 17906 17915 17915 17988 17988 17988 17988
-9999 -9999 -9999 -9999 -9999 -9999 -9999 -9999 -9999 -9999 -9999 -9999 -9999 -9999 -9999 -9999 -9999 -9999 -9999 -9999 -9999 -9999 -9999 -9999 -9999 -9999 -9999 -9999 -9999 -9999 -9999 -9999 -9999 -9999 19284 982 982 982 895 985 8061 7988 7988 805 935 17957 935 935 935 968 17906 17906 17906 17906 17906 17906 17906 17906 17906 17915 17984 17984 17984 17988 17988 17906 17906 17906 17906 17906 17906 17906 17906 17915 17916 1844 1844 17988 17988 17988
-9999 -9999 -9999 -9999 -9999 -9999 -9999 -9999 -9999 -9999 -9999 -9999 -9999 -9999 -9999 -9999 -9999 -9999 -9999 -9999 -9999 -9999 -9999 -9999 -9999 -9999 -9999 -9999 -9999 -9999 -9999 -9999 -9999 19159 982 982 982 985 985 985 1366 7988 7988 818 17951 818 935 935 968 968 17906 17906 17906 17906 17906 17885 17916 17906 17915 17915 17984 17984 17988 17988 17915 17906 17906 17906 17906 17906 17906 17906 17916 17916 17916 17988 17988 17988 17988 17915
-9999 -9999 -9999 -9999 -9999 -9999 -9999 -9999 -9999 -9999 -9999 -9999 -9999 -9999 -9999 -9999 -9999 -9999 -9999 -9999 -9999 -9999 -9999 -9999 -9999 -9999 -9999 -9999 -9999 -9999 -9999 -9999 -9999 19159 19159 19159 982 985 985 7155 8061 7988 876 818 953 818 17920 968 968 17951 17885 17906 17906 17906 17906 17885 17915 17984 17984 17984 17988 17915 17915 17915 17915 17906 17906 17906 17906 17906 17906 17916 17916 17915 17988 17988 17988 17988 1844 17915
-9999 -9999 -9999 -9999 -9999 -9999 -9999 -9999 -9999 -9999 -9999 -9999 -9999 -9999 -9999 -9999 -9999 -9999 -9999 -9999 -9999 -9999 -9999 -9999 -9999 -9999 -9999 -9999 -9999 -9999 -9999 -9999 -9999 -9999 19159 19276 982 985 1008 7155 8061 842 842 842 876 17906 17885 968 968 17885 17906 17906 17906 17906 17885 17915 17915 17915 17915 1716 17915 17915 17906 17906 17906 17906 17906 17906 17906 17906 17916 19276 17916 17988 17988 17988 17988 17915 1844 17988
-9999 -9999 -9999 -9999 -9999 -9999 -9999 -9999 -9999 -9999 -9999 -9999 -9999 -9999 -9999 -9999 -9999 -9999 -9999 -9999 -9999 -9999 -9999 -9999 -9999 -9999 -9999 -9999 -9999 -9999 -9999 -9999 -9999 -9999 19159 982 982 985 982 7155 8061 7988 842 876 842 818 17885 17885 17906 17885 17906 17906 17906 17906 17906 17906 17915 17915 1716 1716 17906 17906 17906 17906 17906 17906 17906 17906 17915 17915 17916 19276 17988 17988 1913 17906 17906 17906 17988 1844
-9999 -9999 -9999 -9999 -9999 -9999 -9999 -9999 -9999 -9999 -9999 -9999 -9999 -9999 -9999 -9999 -9999 -9999 -9999 -9999 -9999 -9999 -9999 -9999 -9999 -9999 -9999 -9999 -9999 -9999 -9999 -9999 -9999 19159 19159 982 985 982 982 7156 8061 17906 17888 842 818 17906 17885 17906 17906 17906 1716 17906 17906 17906 17906 17915 17915 17984 1716 17906 17906 17906 17906 17906 17906 17885 17906 17906 17906 17906 17915 17915 17915 17915 17885 17906 17906 17988 1844 17988
-9999 -9999 -9999 -9999 -9999 -9999 -9999 -9999 -9999 -9999 -9999 -9999 -9999 -9999 -9999 -9999 -9999 -9999 -9999 -9999 -9999 -9999 -9999 -9999 -9999 -9999 -9999 -9999 -9999 -9999 -9999 -9999 -9999 19160 982 982 982 982 7155 7156 8061 7988 17906 17888 867 17951 17906 17885 17906 17906 1716 17906 17906 17906 17915 17915 17984 17984 17906 17906 17906 17906 17906 1716 17906 17885 17906 17906 17906 17906 17885 17915 17915 17885 17915 17885 17988 17915 17915 17915
-9999 -9999 -9999 -9999 -9999 -9999 -9999 -9999 -9999 -9999 -9999 -9999 -9999 -9999 -9999 -9999 -9999 -9999 -9999 -9999 -9999 -9999 -9999 -9999 -9999 -9999 -9999 -9999 -9999 -9999 -9999 -9999 19160 19160 982 982 982 982 7155 1365 7988 17885 17906 867 867 867 17885 17885 17906 17906 17906 17906 17906 17906 17915 17915 17915 17915 17906 17906 17906 17906 17906 17915 17915 17915 17906 17906 17906 17906 17885 17915 17915 17885 19284 17915 17777 17777 17915 17777
-9999 -9999 -9999 -9999 -9999 -9999 -9999 -9999 -9999 -9999 -9999 -9999 -9999 -9999 -9999 -9999 -9999 -9999 -9999 -9999 -9999 -9999 -9999 -9999 -9999 -9999 -9999 -9999 -9999 -9999 19284 19159 982 997 982 982 982 7155 7155 7155 7988 19276 19276 867 867 867 867 17885 17885 17906 17906 17906 17906 17906 17915 17915 17906 17906 17906 17906 17906 17906 17915 17984 17984 17984 17906 17906 17906 17906 17906 17915 17915 17885 1913 17777 17777 17777 17777 17777
-9999 -9999 -9999 -9999 -9999 -9999 -9999 -9999 -9999 -9999 -9999 -9999 -9999 -9999 -9999 -9999 -9999 -9999 -9999 -9999 -9999 -9999 -9999 -9999 -9999 -9999 -9999 -9999 -9999 19284 3644 3677 3562 3628 3644 3628 3562 3562 3562 3638 1496 3862 13519 867 3462 17906 13526 13526 17906 17906 17920 17906 17906 17906 17906 17906 17906 17906 17906 1716 1716 17984 17988 17988 17984 17906 17885 17906 17906 17906 17777 17777 17777 17777 17777 17777 17777 17777 17777 17768
-9999 -9999 -9999 -9999 -9999 -9999 -9999 -9999 -9999 -9999 -9999 -9999 -9999 -9999 -9999 -9999 -9999 -9999 -9999 -9999 -9999 -9999 -9999 -9999 -9999 -9999 -9999 -9999 -9999 3644 3644 3677 3628 3644 3644 3644 3644 3562 3562 3638 1496 3862 1608 3322 3462 13526 13526 13526 13526 13526 13526 13526 13526 13526 13526 13526 13557 13534 13534 13557 13561 13561 13561 13561 13526 13526 13519 13519 3919 3919 3919 3871 3919 3919 3919 3919 3919 17813 3866 19276
-9999 -9999 -9999 -9999 -9999 -9999 -9999 -9999 -9999 -9999 -9999 -9999 -9999 -9999 -9999 -9999 -9999 -9999 -9999 -9999 -9999 -9999 -9999 -9999 -9999 -9999 -9999 -9999 3444 3444 3677 3677 3644 3644 3644 3644 3644 3562 3562 1496 19276 1496 1608 13519 3462 13526 13526 13519 3880 3880 13526 13526 3929 13557 13557 13557 13557 13557 13557 13561 13561 13561 13557 13557 13557 13526 13526 13470 3919 3919 3919 3871 3871 3919 3919 3919 3871 3871 3871 13497
-9999 -9999 -9999 -9999 -9999 -9999 -9999 -9999 -9999 -9999 -9999 -9999 -9999 -9999 -9999 -9999 -9999 -9999 -9999 -9999 -9999 -9999 -9999 -9999 -9999 -9999 -9999 -9999 3444 3444 3562 3677 3644 3644 3644 3644 3562 3562 3846 1496 1496 1496 1496 1496 19276 13527 13526 13519 3880 3880 3901 13557 13557 13557 3929 13557 13557 13557 13557 13561 13561 13557 13557 13557 3871 3871 3871 3871 3871 3871 3871 3871 13465 3919 3919 3919 3871 3871 3871 3871
-9999 -9999 -9999 -9999 -9999 -9999 -9999 -9999 -9999 -9999 -9999 -9999 -9999 -9999 -9999 -9999 -9999 -9999 -9999 -9999 -9999 -9999 -9999 -9999 -9999 -9999 -9999 -9999 -9999 3444 3695 3677 3644 3644 3562 3644 3644 3562 3846 1496 1496 1496 3846 1496 13519 2558 3322 2558 13557 3880 3901 3929 3880 3880 3880 13557 13557 13557 13557 13557 3871 3871 3871 3871 3871 3871 3871 3909 3871 3871 3871 3871 13465 3871 3871 3871 3871 3871 3871 3871
-9999 -9999 -9999 -9999 -9999 -9999 -9999 -9999 -9999 -9999 -9999 -9999 -9999 -9999 -9999 -9999 -9999 -9999 -9999 -9999 -9999 -9999 -9999 -9999 -9999 -9999 -9999 -9999 -9999 3562 3644 3644 3644 3644 3562 3644 3562 3562 3846 1496 3846 3846 3846 1608 2558 2558 2558 13557 13557 3880 3901 3880 3880 3880 3880 13557 13557 13557 13557 3871 3871 3871 3871 3871 3871 3871 3871 3909 3869 3871 13465 3871 3871 3871 3871 3871 3871 3871 3871 13465
-9999 -9999 -9999 -9999 -9999 -9999 -9999 -9999 -9999 -9999 -9999 -9999 -9999 -9999 -9999 -9999 -9999 -9999 -9999 -9999 -9999 -9999 -9999 -9999 -9999 -9999 -9999 -9999 19284 19276 3562 3491 3644 3562 3644 3562 3562 3601 3846 3846 3846 3846 3846 20009 3467 2558 2558 3880 3880 3880 3880 3880 3880 13557 13557 3871 3871 3871 3871 3871 3871 3871 19276 20032 20032 3880 3880 3909 13499 13465 3871 3871 3871 3871 3871 3871 3871 3871 13499 13465
-9999 -9999 -9999 -9999 -9999 -9999 -9999 -9999 -9999 -9999 -9999 -9999 -9999 -9999 -9999 -9999 -9999 -9999 -9999 -9999 -9999 -9999 -9999 -9999 -9999 -9999 -9999 -9999 19284 3539 3562 3491 3644 3562 3562 3562 3562 3562 3846 3846 20009 3846 3846 3846 3467 2558 2558 13557 3880 3880 3880 3901 13557 13557 3871 3871 3871 3871 3871 3871 3880 3880 3880 3869 3869 3880 3871 19276 13497 3871 3871 3871 3391 3871 3871 3871 3871 3871 13465 13465
