EPSG_25832/clc_buek_grid_profile_25832_21.asc
ncols        641
nrows        866
xllcorner    280356.848233341298
yllcorner    5235360.556800000370
cellsize     1000.000000000000
NODATA_value -9999
[rows 792 to 827 of 866, columns 320 to 399 of 641]
10093 10082 10082 10093 9973 10074 10074 10093 10074 10103 10103 10082 10082 10074 10074 10074 10074 10125 10013 9952 9999 9999 9999 9999 9999 10116 10116 9999 9999 9999 9999 10074 10074 10074 10116 9963 10074 9999 9999 9999 9999 9993 9952 10025 10025 9993 10019 10042 10005 10010 10010 10049 10026 10058 10059 10049 10049 9993 9963 9952 10005 10025 10067 10042 10042 10043 10042 10042 10069 10025 19284 19284 19284 19284 12096 12096 12096 12096 12096 12096
10093 9973 10074 10074 9973 10074 10074 10074 10074 10074 10074 10074 9973 9999 10074 10074 10074 10125 10013 9952 9999 9999 9999 9999 10103 10103 10116 9999 9999 9999 9999 10116 10116 10074 10074 10074 10074 10074 9999 9999 9999 9999 19284 19284 9993 10019 10019 10025 10025 10005 10010 10049 10058 10058 10058 9952 9993 9993 9963 9952 10005 9993 10019 10019 10042 10042 10042 10025 10025 10025 19284 19284 19284 19284 12096 12096 12096 12096 12096 12096
10096 9973 10074 10074 10013 10013 10074 10074 10074 10074 10074 10074 10074 9999 10074 10074 10074 10074 10125 9999 9999 10025 10025 10025 10025 10103 10074 9999 10067 10059 10074 10116 10116 10074 10074 10074 10074 10074 10074 9999 9999 9999 9999 19284 9999 10049 10049 10049 10025 10042 10042 10049 10058 10058 9952 10051 10051 9993 10005 10005 9952 9993 10019 10019 10042 10042 10042 10025 10025 19284 19284 19284 19284 19284 12096 12096 12096 12096 12096 12096
10074 10074 10074 10074 10074 9973 10074 10074 10074 10074 10074 10074 10074 10059 10074 10074 10074 10074 10074 9999 9952 9999 10025 10025 10025 10074 10025 9999 10067 10069 10059 10074 10074 10074 10074 10074 10014 10074 10074 9999 9999 9999 9999 19284 9999 10022 10049 10049 10049 10049 10049 10025 10049 10049 10052 10052 10052 10005 10005 10005 9983 9993 10042 10042 10042 10042 10042 10042 10042 10042 19284 19284 19284 19284 12096 12096 12096 12096 12096 12142
10096 10074 10074 10074 10074 10013 10074 10074 10074 10074 10074 10074 10074 10074 10074 10074 10074 10074 10074 9999 9999 9993 10025 10025 10025 10025 10025 10025 10025 10025 10059 10074 10074 10074 10074 10074 10074 10074 10074 10074 9999 9999 9993 9993 10022 10005 10049 10049 10026 10025 10025 10049 10049 10049 10049 10049 10052 10005 10005 9952 9983 9993 10042 10042 10042 10042 10042 10042 10042 10042 10025 19284 19284 19284 12096 12096 12096 12096 12096 12082
10074 10074 10074 10074 10074 10074 10074 10074 10074 10074 10074 10074 10074 9999 10074 10074 10074 10074 10025 9999 9999 9993 9993 10025 10025 10025 10025 10067 10025 10025 10059 10074 10074 10074 10074 10074 10074 10074 10074 10074 10074 9999 9999 9999 10022 10049 10049 10049 10025 10049 10049 10049 10049 10049 10049 10049 10049 10005 10005 9952 9983 9993 10042 10042 10042 10042 10042 10005 10042 10042 10025 19284 19284 19284 12113 12096 12096 12096 12096 12142
10096 10074 10074 10074 10013 10074 10074 10074 10074 10074 10074 10074 10074 9999 10025 10059 10074 10025 10019 9999 9999 9993 9993 10025 10025 10025 10025 10025 10025 10025 9999 10074 10074 10074 10074 10074 10074 10074 10074 10074 10022 9999 9999 9999 10022 10022 10049 10005 10049 10049 10049 10025 10049 10049 10049 10049 10049 19284 10005 9952 9993 9993 10042 10042 10042 10042 10042 10042 10042 10042 10025 10067 19284 19284 12113 12113 12114 12096 12096 19276
10096 10096 10074 10074 10013 10096 10074 10074 10074 10074 10074 10074 10074 10074 10025 10025 10025 10025 10019 9999 10025 9999 9993 10025 10025 10025 10069 10025 10022 10025 10013 10074 10074 10074 10074 10074 10074 10074 10025 10025 10022 9999 10022 9952 10022 10022 10022 10022 10042 10025 10025 10025 10025 10067 10005 10005 10049 10005 10005 9952 9993 10042 10042 10042 10042 10042 10042 10042 10042 10042 10025 19284 19284 19284 19284 12114 12114 12113 12082 12129
10096 10096 10074 10074 10067 9973 10096 10074 10074 10074 10074 10074 9999 10025 9999 10025 10025 10025 10025 10025 10025 10025 9993 10052 10049 10005 10069 10025 10025 10022 10074 10074 10074 10022 10022 10022 10025 10025 10025 9999 9999 9999 9999 10025 10022 10022 10052 10042 10042 10005 10025 10025 10025 10067 10049 10049 10069 10025 9957 9952 9993 9993 10042 10042 10042 10005 10042 10042 10005 10042 10069 19284 19284 19284 19284 12113 12114 12113 12114 12113
10074 10096 10074 10074 10013 9973 10074 10074 10074 10074 10074 10025 10025 10025 10025 10025 10025 10025 10067 10025 10025 10025 9993 10025 10052 10005 10067 10025 10025 10022 10074 10074 10074 10022 10025 10025 10022 10022 9999 10022 9999 9999 10025 10025 10022 10012 10052 10052 10005 10005 10025 10054 10049 10049 10049 10049 10049 9957 9952 9957 9993 10016 9993 10042 10042 10042 10042 10042 10042 10042 10069 19284 19284 19284 19284 12113 12113 12113 12113 12113
10074 10074 10074 10074 10074 9999 10059 10074 10074 10074 10019 10019 10019 10025 10025 10025 10025 10025 10025 9999 9999 10025 9993 9952 10052 10005 10025 10025 10025 10022 10022 10022 10022 10022 10025 10025 10022 10022 10022 10022 9999 9999 10025 10013 10025 10025 10052 10052 10005 10010 10010 10013 10013 10166 10049 10005 10067 9957 9952 9957 10022 10022 10022 10059 10042 10042 10042 10042 10042 10005 9999 9999 9999 10005 12074 12113 12113 12113 12113 12113
10025 10074 10074 10074 10025 10025 10025 9999 10074 10074 10025 10025 10019 10025 10025 10025 10025 10025 9993 9999 9999 9952 9952 10059 10069 10067 10025 10025 10025 10022 10022 10022 10025 10025 10025 10054 10022 10022 10022 9999 9999 9993 10025 9952 10013 10025 10052 10010 10054 10049 10049 10049 10049 10049 10166 10025 10005 9952 9952 9957 10022 10022 10022 9999 10025 10025 10042 10042 10042 10042 9999 9999 10012 10012 12074 12113 12113 12113 12113 12113
10025 10025 10025 10025 10025 10025 10025 9999 10074 10025 10025 10010 10025 10025 9999 9952 10025 10025 10025 9999 9999 9952 9999 9993 10067 10025 10005 10025 10025 10014 10022 10022 10025 10025 10054 9999 10022 9999 10022 9999 9999 9993 9952 10025 10059 9999 10051 10010 10012 10049 10049 10049 10049 10049 10049 9999 9999 10025 10019 10016 10016 10022 10022 10022 9999 9999 10025 10042 10042 10042 9999 9999 10012 10012 12081 12134 12113 12074 12074 12074
10025 10025 10025 10025 10025 10025 10025 10025 9999 10025 10025 10054 10025 10005 10025 10005 10052 10051 9999 9999 9993 9952 9999 10059 10025 10025 10005 10010 9999 10022 10022 10025 10025 10025 9952 9999 9999 10025 9999 9999 9999 9999 10013 10025 9999 9999 10025 10012 10025 10025 10110 10074 10074 10049 10049 10141 10141 10141 10019 10005 10025 10025 10022 10022 10059 9999 10025 10042 10042 10042 10025 19284 9999 10010 12113 12113 12074 12074 12096 12074
10025 10025 10025 10025 10025 10025 10025 10074 9999 10025 10025 10025 10025 9952 10025 10063 10051 10051 9999 9999 9952 9999 10025 10059 10025 10025 10005 10025 9999 10025 10025 10025 10144 10025 9999 9999 10025 10025 10025 10025 10025 9999 10025 9999 9999 10141 10010 10025 10049 10025 19276 10139 10049 10049 10049 10049 10049 10049 9952 10141 10025 10025 10025 9999 10025 10025 10025 10025 10042 10042 10025 10025 19284 9999 12074 12074 12074 12074 12161 12074
10025 10025 10025 10025 10025 10025 10025 10074 9999 10025 10025 10025 10051 9999 10051 10063 10052 9999 9999 9999 9999 10025 10025 9999 10025 10025 10025 10025 10025 9999 9999 10025 10144 10025 10025 9999 10025 10025 10025 19284 10025 10025 9999 9999 9999 10141 10010 10049 10049 10013 10049 10049 10049 10049 10049 10010 9963 9963 10012 9963 10025 10025 10025 10025 10025 10025 10025 10005 10025 10025 10025 10025 9983 9999 12113 12113 12079 19277 12074 12074
10025 10025 10025 10025 10025 10025 10025 10025 10025 10025 10025 10025 9999 9999 10010 10051 10010 9999 9999 9999 9999 10025 10025 10025 10025 10025 10025 10025 10025 10054 9999 10025 10144 10025 9999 9999 9999 9999 10025 10025 10025 10025 9999 10141 9999 9999 10013 10013 10013 10013 10013 10013 10013 10025 10025 10139 9963 9963 9963 10025 10025 10025 10025 9999 10025 10025 10025 10025 10025 10025 10025 10025 9999 9999 10042 12113 12113 12074 12074 12074
10025 10025 10025 10025 10025 10025 10025 10025 10025 9999 10025 10025 9999 9999 10051 10051 9999 9999 9999 9999 9999 10025 10025 10025 9983 10025 10025 10025 10025 10025 10025 10025 10025 9999 9999 10019 10025 9952 10042 10025 10025 10025 9999 10141 10139 10139 10025 10025 10025 10025 10025 10010 10049 10049 10049 10059 10139 10139 10025 10025 10025 10025 10025 10025 10025 10025 10025 10025 10025 10025 10025 10025 9999 9999 10012 12074 12074 12074 19276 12074
10025 10025 10025 10025 10025 10025 10025 10025 10025 10025 10025 10025 10025 10025 10025 10010 9999 9999 9999 9999 9999 10031 10025 10025 9983 10025 10025 10054 10054 10054 10025 10025 10025 10019 10019 9999 10025 10025 10042 10042 10054 10025 10025 10139 10139 10051 9999 9999 9999 10054 10049 10049 10049 10049 10049 10026 10025 10025 9983 10025 10025 9999 10025 10025 10025 10025 10005 10005 10025 10025 10025 10025 9999 9999 12113 12074 12081 12074 12074 12081
10025 10025 10025 10005 10025 10025 10025 10025 10025 10025 10025 10025 10025 9999 9999 9952 9999 9999 9999 10025 10139 10054 10054 10051 10005 9983 10025 10019 10025 10019 10025 10025 10025 19284 9999 9999 9999 10042 10042 10042 10010 10025 10025 10139 10051 10051 9999 9999 10051 10052 10067 10049 10049 9983 9983 10026 10026 10025 9983 10025 10025 10025 10025 10025 10025 10025 10005 10054 10025 10025 10005 10025 10042 10141 10139 12161 12074 12159 12081 12081
10025 10025 10005 10025 10025 10025 10025 10025 10025 10005 10054 10052 10025 9999 9999 10025 10051 10051 10025 10025 10005 10005 10008 10031 10025 9983 10019 10025 10025 10025 10025 10025 10025 10063 10025 10063 10042 10042 10010 10005 10051 10054 10054 10051 10051 10051 9999 10013 10049 10049 10067 10067 10049 10005 9983 10005 10025 10025 10025 10025 10025 10025 10025 10025 10025 10025 10025 10025 10025 10059 10025 10025 10059 9999 9999 12113 12064 12074 12074 12074
10025 10054 10005 10025 10025 10051 10052 10025 10025 10052 10052 10052 10010 10052 10052 10052 10005 10051 10051 9952 10031 10054 10051 10051 9983 10010 10145 10025 10025 10025 10025 10025 10025 10025 10005 10042 10042 10010 10010 10005 10051 10054 10051 10025 10025 10051 10051 9999 10025 10049 10049 10025 10025 10049 10005 10025 10025 10025 10025 10025 10025 10025 10025 9999 9999 10025 10025 10025 10139 10139 10025 10025 10025 10025 10005 12113 12081 12074 12074 12074
10025 10025 10025 10025 10025 10051 10052 10052 10052 10052 10052 10012 10010 10025 10052 10051 10042 10051 9952 10025 9999 10008 10031 10031 10008 10010 10141 10141 10025 10025 10054 10025 10042 10063 10063 10054 10042 10042 10042 10054 9999 9999 10025 10139 10025 10051 10051 9999 10025 10049 10049 10141 10139 10139 10049 10025 10025 10025 10025 10025 10025 10025 10025 10025 10025 10025 10025 10025 10025 10025 10139 10025 10025 10139 10025 12074 12081 12074 12074 12048
10025 10025 10025 10025 10025 10052 10052 10052 10052 10052 10012 10012 10025 10025 9952 10042 10042 10042 10054 10025 9999 10008 10031 10031 10008 9983 9983 10141 10139 10025 10054 10054 10042 10042 10054 10054 19284 10042 10042 9999 9999 10139 10139 10025 10051 10005 10051 9999 10025 10005 10059 10025 10139 10139 10141 10059 10025 10025 9983 9983 10012 9983 19284 10049 10025 10025 19284 10054 10025 10025 10059 10025 10139 10139 10005 12081 12081 12074 12074 12012
10025 10054 10025 10025 10052 10052 10052 10052 10010 10052 10010 10025 10025 10042 10042 10042 10042 10042 10042 9999 10042 10031 10005 10008 10010 10144 9983 10042 10042 10042 10042 10005 10042 10042 9993 9999 9999 9999 9999 9999 10025 10025 10025 10025 9999 10025 9999 10025 10025 10005 10005 10005 10025 10025 10025 10052 10052 10059 10059 10012 19284 9983 19284 10025 10049 10025 19284 10025 10025 10025 10139 10139 10019 10005 10005 12081 12081 12037 12012 12012
10025 10025 10025 10025 10052 10052 10010 10010 10010 10052 10010 10025 10051 10042 10042 10042 10054 10042 10042 10042 10042 10042 10005 10008 10010 10010 10052 10042 10042 10042 10005 10042 10042 9999 9952 10130 10005 10042 10042 10025 10025 10005 10025 9999 9999 9999 9999 9999 10025 10025 10005 10005 10005 10052 10052 10052 10052 10005 10005 10059 19284 19284 19284 10025 10025 10025 10025 10025 10025 10025 10139 10019 9999 10005 10005 12074 12074 12174 12074 12174
10025 10025 10052 10052 10052 10052 10051 10052 10051 10051 10052 10005 10042 10042 10042 10042 10042 10019 10042 10042 10042 10019 10054 10008 10052 10010 10052 10052 10043 10042 19284 9999 10130 10130 9952 10012 10042 10042 10051 10025 10042 10005 10025 9999 9999 10025 10025 10025 10025 10025 10025 10005 10005 10054 10052 10052 10052 10005 10005 10005 19284 19284 19284 10139 10025 10025 10025 10025 10025 9977 9977 9999 9999 9999 9963 12074 12074 12174 12074 12174
10025 10025 10051 10141 10051 10054 10051 10051 10051 10052 10051 10005 10042 10042 10042 10010 10012 10042 10019 10019 10042 10042 10042 10031 10010 10010 10010 10051 10051 10130 10130 10054 10054 10042 9952 10042 10042 10042 10042 10025 10042 10042 10010 10010 9999 9999 10025 10025 10025 10025 10025 10025 10054 10025 10130 10130 10130 10005 10005 10131 10131 10131 10141 10141 10049 10025 10025 9977 10025 10025 10019 10049 10049 9999 9949 12074 12075 12174 12074 12176
10025 10025 10025 10052 10051 10054 10051 10010 10051 10145 10054 10008 10042 10042 10054 10054 10042 10042 10042 10019 10019 10042 10005 10005 10010 10052 10052 10130 10130 10054 10054 10054 10054 19284 10042 10042 10042 10042 10042 10025 10042 10042 10042 10144 10144 10144 10025 10025 9999 10025 10012 10025 10025 10025 10025 10051 10052 10052 9963 9963 10005 10005 10005 10005 10005 9977 9977 10025 10025 10025 10025 10049 10025 9999 9983 19284 19284 19276 12096 12255
10025 10025 10025 10051 10051 10051 10051 10145 10144 10051 10051 10042 10042 10013 10054 10042 10019 10042 10042 10005 10025 10019 10019 10141 10131 10130 10042 10042 10042 9999 10042 10042 10042 9952 10042 10042 10042 10054 10145 10145 10145 10144 10168 10168 10168 10144 10025 10005 9963 9952 10025 10025 10025 10168 10168 10168 10052 10168 10166 10005 10049 10005 10005 10005 10005 9977 10025 10025 10025 10025 10168 10025 10025 19284 19284 19284 19284 12239 12255 12224
10141 10141 10141 10150 19284 10051 10051 10051 10051 10051 10054 10042 10042 10042 10042 10042 10042 10042 10019 10005 10025 10012 10141 10141 10149 10139 10141 10042 9999 9999 10130 10130 10130 10042 9952 9952 10005 10005 10005 10184 10180 10168 10180 10168 10168 10180 10180 9952 10025 9999 10025 10025 10051 10168 10168 10168 10168 10168 10180 10005 10005 10005 10005 10012 10005 10005 10247 10247 10025 18424 10025 10025 10025 10247 19284 19284 12239 12224 12224 12224
10141 10025 10150 19284 19284 10051 10025 10025 10025 10042 10054 10042 10042 10042 10042 10042 10042 10054 10054 10051 9999 10042 10012 10149 10149 10131 10131 10131 10025 10025 19284 19284 10042 10141 10042 10042 10247 19276 10170 10168 10168 10168 10168 10168 10168 10168 10168 10025 10168 10168 10168 10012 10051 10168 10168 10153 10168 10168 10180 10180 10005 10187 10012 10012 10005 10005 10247 19276 18424 10025 10025 10315 10242 18424 10254 12224 12224 12185 12224 12224
10025 10054 19284 10025 10025 10141 10141 10025 10042 10042 10042 10042 10042 10042 10042 10042 10051 10051 10042 9999 10042 10130 10131 10131 10131 10139 10184 10184 10025 9999 19284 19284 10042 9999 9999 9999 10247 10184 10168 10168 10168 10168 10168 10168 10168 10168 10168 10168 10168 10168 10025 10166 10166 10049 10049 10168 10168 10168 10168 10168 10168 10005 10012 10012 10005 9949 10234 10237 18686 18686 18686 18686 10242 10237 10237 12224 12224 12217 12239 12239
10025 10025 10025 10051 10051 10051 10139 10141 10141 10042 10051 9999 9999 10042 10042 10042 10042 10042 10042 10042 9999 10042 10150 10141 10051 10184 10180 10025 10025 9999 19284 19284 10042 10042 9983 10247 10025 10168 10168 10168 10180 10180 10180 10180 10180 10252 10252 10180 10168 10025 10025 10025 10005 10049 10168 10168 10168 10180 10153 10168 10168 10005 10005 10005 9963 10312 10237 10237 10230 10230 10237 10237 10237 10237 10254 19284 19284 12217 12217 12239
10130 10025 10025 10141 10051 10051 10051 10051 19284 10185 10051 10051 10025 10185 10042 10005 10042 10042 10042 10187 10042 10042 10042 10051 10051 10168 10168 10025 10025 19284 19284 19284 10042 19284 9983 10025 10025 10168 10168 10168 10180 10163 10163 10163 10180 9952 10180 10180 10180 10180 10279 10279 10005 10005 10005 10184 10168 10168 10168 10168 10168 10005 10005 9963 9963 10237 10237 10237 10237 10237 10237 10237 10237 10237 10237 19284 19284 19284 12239 12239
10005 10025 10141 10051 10051 10051 10185 9977 10025 10025 10052 10144 10291 10291 10185 10005 10042 10042 10042 10042 10042 10042 10042 10042 10170 19284 10005 10005 10025 19284 19284 19284 10042 19284 10184 10175 10025 10252 10252 10252 10180 10329 10227 10329 10252 10252 10180 10327 10279 10279 10279 10237 10237 10025 19276 19276 10168 10252 10227 10242 10242 10005 10005 9963 19276 10237 10237 10237 10237 10019 10230 10274 10237 10237 19284 19284 19284 19284 12239 12217
