EPSG_25832/clc_buek_grid_profile_25832_21.asc
ncols        641
nrows        866
xllcorner    280356.848233341298
yllcorner    5235360.556800000370
cellsize     1000.000000000000
NODATA_value -9999
[rows 540 to 575 of 866, columns 160 to 239 of 641]
588 588 588 588 588 588 588 16526 588 588 588 641 641 830 830 830 830 688 688 691 588 830 675 686 691 536 11305 11305 6451 6451 6451 16323 10927 16323 16323 16323 746 775 775 746 746 736 736 4508 4519 802 775 736 736 736 736 736 746 746 736 736 736 736 746 746 746 837 746 746 837 2382 2382 783 783 4508 4508 4508 19277 783 4508 4508 2391 2391 2391 788
588 588 588 588 588 588 573 641 588 691 686 830 830 830 588 588 641 686 830 830 830 19276 536 556 556 11305 11305 11305 11305 16526 8494 16323 16323 10927 16323 16323 746 746 746 746 746 746 746 736 736 736 736 722 736 736 736 736 746 746 746 736 746 746 746 746 746 2382 746 746 746 790 746 4519 4519 4519 4519 710 746 783 771 2391 2391 2391 2391 788
588 588 588 588 588 588 588 588 691 686 830 664 830 588 588 588 686 830 691 691 691 19276 556 536 19276 11305 11305 11305 16526 16526 8494 6451 16323 10927 10927 16323 746 746 746 746 746 2382 746 746 736 736 736 722 736 775 736 736 746 746 746 746 746 802 802 771 771 746 771 746 2382 4519 4519 710 710 771 2391 899 746 783 783 783 2391 2391 2391 788
588 588 588 19276 691 588 588 830 686 686 830 686 639 639 830 588 536 556 691 548 556 19276 536 536 11306 11305 11305 16526 10927 16526 16323 16323 6451 16323 10798 6451 746 722 722 746 722 722 736 736 736 746 736 736 736 736 820 820 743 743 6445 709 4519 771 771 771 771 837 771 4519 4519 4519 710 5892 710 771 2382 2382 783 783 783 788 2391 2391 788 788
588 588 588 588 691 830 691 830 830 588 658 686 11305 686 830 536 536 556 548 536 536 536 536 536 11305 11305 11305 11305 16526 10927 16323 16323 16323 16323 16323 6451 810 746 746 746 722 722 746 746 736 736 736 736 736 820 709 709 709 6445 709 709 4519 4519 4519 4519 4519 4519 4519 5411 5411 710 710 714 710 771 899 783 783 783 783 790 2391 790 2391 2391
588 588 691 691 830 830 686 686 686 830 830 830 639 19276 536 11336 536 536 548 16526 536 536 548 548 16526 16526 16526 16323 16526 16526 16323 16323 10927 10927 10798 16323 802 722 746 746 736 722 722 722 722 6445 722 722 743 700 700 700 700 700 4519 4519 4519 710 5892 4519 4519 4519 2436 2436 2436 2436 743 743 743 746 746 783 783 2518 2517 2394 2391 790 2391 2391
691 830 830 691 691 689 830 686 832 832 832 832 11305 548 536 11336 19276 536 548 548 19276 536 548 548 11299 16323 16323 16323 16323 16323 16323 16323 10798 10798 16323 16323 746 722 746 746 722 6445 5411 709 6445 6445 5892 4459 6445 6445 2464 709 4508 6445 6445 6445 710 4519 4519 710 710 710 2436 2436 2436 2436 743 743 746 746 2387 788 2517 2518 2518 2394 2391 2391 2391 2391
830 691 691 664 830 686 832 832 832 19276 556 548 548 548 548 536 536 536 536 16323 16323 16077 10919 16323 16323 16323 16323 16323 16323 16323 16323 16323 19276 10798 16323 16323 746 722 722 722 6445 6445 6445 5411 6445 6445 6445 6445 6445 6445 5411 6445 6445 19275 6445 6445 4519 4510 710 710 5411 5411 5411 2436 2436 2436 746 746 746 746 743 790 2517 2517 2517 802 938 2391 2391 943
686 588 664 830 832 832 832 548 536 536 536 16514 548 548 548 11336 536 536 536 11299 11299 8494 8494 11299 16323 16323 8494 16323 16323 16323 16323 16323 10798 10798 16323 16323 722 19275 19275 4459 6445 6445 6445 4459 6445 6445 6445 6445 6445 4459 4459 6445 4459 6445 6445 5892 710 710 710 710 710 5411 2436 2436 5411 5411 743 746 746 746 746 2517 2517 19276 799 799 2382 938 2391 943
588 830 691 832 548 548 548 536 536 536 536 16514 548 548 548 11336 11336 536 536 536 16323 16077 16323 16323 16323 10927 10927 10927 10798 10798 10798 19276 10869 10843 10843 10843 19275 19275 19275 6445 6445 6445 6445 6445 6445 6445 5892 5892 5892 5892 712 2464 6445 4459 6445 6445 700 700 710 710 5411 5411 5411 2436 2436 2436 743 743 746 746 2517 2517 790 2382 783 2518 2526 2526 802 2391
550 588 588 548 548 548 556 536 10927 10927 536 548 548 548 548 11336 11336 11305 460 11283 6451 6451 6451 16323 16323 16323 16323 16323 10798 10869 10869 10869 10841 10869 10869 10869 19275 19275 6445 6445 6445 19275 19275 4459 5892 5892 5892 714 5892 700 2464 2464 2464 2464 4459 6445 700 700 700 700 5411 5411 5411 5411 2436 5411 5411 746 746 746 2517 2517 2383 783 2526 2526 2526 2526 938 938
550 16514 16514 16514 536 548 19276 11305 10927 10927 548 10927 16323 548 460 11253 460 11305 460 11283 10927 10927 16323 16323 16323 16323 16071 16323 10869 10869 10841 10841 10869 10869 10869 10869 6445 6114 6114 6114 6114 700 19275 5892 5892 6114 6114 700 700 700 700 710 2464 4459 4459 6445 5892 6445 5892 5892 5892 5411 5411 5411 5411 5411 5411 746 2517 2517 2517 2517 2526 783 783 783 2526 2526 2526 802
548 6451 16514 16514 16514 19276 6451 16077 16077 16323 16323 10927 16077 8494 11299 460 548 6451 6451 6451 10927 16323 16323 16323 16323 10869 10869 10869 10869 10869 10869 10869 10869 10869 10869 10869 6445 6114 6114 6114 5411 700 700 700 6114 6114 700 700 700 700 700 710 700 5892 5892 4459 6445 6445 6445 5892 19284 5411 5411 5411 5411 5411 746 2517 2517 2517 2517 2526 2526 2526 2526 783 783 2526 2405 2405
548 548 16514 10927 19275 8494 16077 16323 16323 16323 16323 10927 16323 16323 10927 11299 460 16323 6451 10927 10927 10927 16323 16323 16323 10869 10869 10869 10875 10875 10869 10869 10869 10869 10869 10843 6114 6114 6114 6114 6114 700 700 700 700 700 700 700 700 710 714 710 700 700 6445 5892 5892 6445 6445 19284 5892 5892 4508 4508 5411 736 2517 2517 2517 2517 2526 2526 2526 2526 2526 2526 2526 2522 2522 2391
548 10927 10927 10927 19276 10927 16077 16323 16323 10927 16077 10927 10927 16323 8494 16077 11299 6451 10927 10927 16323 10927 16323 16323 16323 10869 10869 10908 10843 10843 10908 10908 10843 10843 10843 10843 5892 6114 6114 710 710 5892 5892 700 700 700 700 700 700 710 700 700 700 700 5892 5892 5892 4459 4459 5892 5892 4508 5411 5411 2526 2526 2517 2517 4508 2526 752 2526 2526 2522 2522 2522 2522 2522 2522 2391
548 11299 10927 10927 16323 16323 16077 16323 16323 16323 16323 16323 10927 16323 16323 16323 11299 11299 10927 10927 16323 16323 16323 8494 10869 10814 10843 10843 10843 10843 10843 10843 10843 10843 10843 10843 5892 5892 710 710 5411 5411 5892 700 700 700 5892 5892 5892 710 700 5892 5892 700 4563 5892 5892 5892 4459 5892 5892 19284 5411 5411 2526 2526 2517 2517 2526 2526 2526 752 2526 2526 2522 2526 2522 2522 2405 2391
10927 16077 10927 10927 10927 16323 16077 10927 10927 10927 16323 16323 16323 10927 16323 16323 16323 10927 10927 16323 16323 16323 10869 10869 10814 10843 10843 10843 10843 10843 10843 10843 10843 10843 10843 10843 5892 5892 5892 710 710 710 5892 700 5892 700 5892 5892 5892 714 5892 5892 5892 700 5892 4563 5892 5892 4459 5892 5892 5892 5892 2526 2526 2526 2526 2526 2526 2526 2526 2526 2526 2526 2522 2522 2522 2405 2391 2391
10927 10927 10927 16311 16311 16071 16077 16311 16311 6451 6451 16323 6451 16323 6451 16323 16323 10927 10927 16323 16323 10869 10869 10843 10843 10843 10843 10843 10843 10843 10843 10843 10843 10843 10843 10843 5892 5892 5892 5892 5892 5892 5892 5892 5892 700 700 700 5892 714 5892 5892 700 700 5892 709 5892 5892 4459 5892 5892 5892 5892 2526 2526 2526 2526 2526 2526 2526 2526 2526 2526 2526 2522 2526 2387 2387 2522 2391
19284 19284 19284 19284 19284 16311 16311 16077 16071 16071 16071 16311 6451 6451 6451 16077 16323 16323 10927 16323 10869 10869 10869 10843 10843 10841 10843 10843 10843 10843 10843 10843 10843 10843 10843 10843 5892 5892 5892 5411 5411 5892 5892 5892 5892 700 700 5892 700 700 5892 5892 5892 700 700 5892 5892 5892 4563 6445 6445 5892 5892 5892 2526 2526 2526 2526 2526 2526 2526 2526 2526 2526 2526 2526 2526 2522 2522 2522
10828 10919 10919 10814 10814 10814 10843 10843 10796 16077 16077 6451 6451 6451 16323 6451 16077 16323 16323 16323 10869 10814 10843 10841 10841 10841 10843 10843 10843 10843 10843 10843 10843 10843 10843 10843 700 700 5892 5411 5411 2436 2448 2448 5892 700 700 5892 700 700 5892 700 700 700 700 5892 5892 4563 4563 5892 5892 5892 5892 5892 2526 2526 2526 2526 2526 2526 2526 2526 2526 2526 2526 2526 2526 2526 2522 2522
10828 10828 10828 10828 10828 10814 10814 10843 10796 16071 16077 6451 6451 6451 16323 6451 6451 16323 16323 10814 10814 10869 10841 10841 10841 10863 10863 10863 10843 10843 10843 10843 10843 10841 10875 10875 700 5892 2448 2448 2436 2436 2436 2448 5892 5892 5892 700 5411 5892 5892 714 700 700 5892 700 5892 5892 4563 709 5892 19284 5892 5892 2526 2526 2526 2526 2526 2526 2526 2526 752 752 752 752 2526 2526 2387 2387
10828 10828 10828 16071 10828 16071 19275 19284 10843 10843 16077 6451 6451 6451 6451 6451 6451 16323 10814 10869 10869 10841 10841 10841 10841 10841 10883 10841 10863 10843 10841 10863 19284 10863 10875 10875 700 700 2436 2436 2436 2448 2448 2448 2436 5892 5411 5411 5411 5411 5892 5892 710 710 5892 5892 5892 5892 5892 4563 5892 5892 4459 5892 5892 2526 2526 752 2526 2526 2526 2526 2526 752 752 752 2526 752 752 2387
10919 10828 10828 16071 16071 16071 16071 19275 19284 10843 10814 10814 10814 10814 10814 10828 10828 10869 10843 10869 10869 10843 10841 10895 10895 10895 10883 10883 10843 10843 10841 10841 10841 10875 10875 10875 700 2448 2448 2436 2436 2436 2448 2464 2448 2448 5411 5411 700 700 5892 5892 5411 710 5411 5411 5892 5892 5892 5411 5411 5411 4563 5892 5892 2526 2526 2526 752 2526 736 2526 2526 752 19276 4508 752 2522 2522 2405
10828 16311 16311 16535 16535 16535 16071 16071 16071 19284 10869 10869 10869 10869 10869 10869 10869 10843 10869 10841 10869 10841 10895 10883 10875 10875 10907 10843 10843 10843 10843 10843 10841 10841 10875 10875 700 2436 2436 2436 2448 2448 2448 2436 2448 2436 700 700 700 700 714 5411 5411 5411 5411 5411 5411 5411 5411 5411 5411 5892 5411 5892 5892 752 2526 2526 752 2526 2526 2526 2526 2526 2526 752 752 752 2522 2391
16311 16311 16311 16535 16535 16535 16535 16155 16155 16155 19284 10869 10869 10869 10869 10843 10869 10869 10869 10869 10869 10841 10841 10908 10850 10908 10883 10841 10841 10843 10843 10843 10843 10875 10895 10895 700 2436 2436 5411 5411 5411 5411 5411 2436 2436 710 714 714 700 700 5892 700 700 700 5411 700 5892 5892 5892 5892 5892 5892 752 19284 5892 5892 752 2526 2526 2552 2526 2526 2526 2526 752 2526 752 2526 2526
16311 16311 16311 16311 16535 10927 16535 16155 16155 16543 16543 19284 10841 10869 10895 10895 10895 10869 10869 10869 10869 10895 10841 10841 10841 10883 10863 10843 10843 10895 10895 10895 10895 10875 10875 10875 700 2436 2436 2436 2448 2436 2464 5411 2436 700 700 5892 5892 700 700 5892 5411 5411 5411 5892 5892 4519 4519 4519 4519 4519 5892 5892 5892 5892 19284 5892 5892 4459 2526 2526 2526 2526 2526 2526 2526 2526 2526 2526
16501 16501 16311 16311 16535 10927 10927 16535 16155 16155 16543 10814 10869 10869 10895 10895 10869 10869 10869 10869 10841 10875 10908 10883 10883 10841 10899 10843 10843 10895 10895 10843 10899 10875 10875 10875 710 2436 2436 2448 2436 2436 2436 2448 2436 2436 700 700 5411 700 5892 5892 5892 5892 5411 700 710 4519 5892 5892 5892 5892 5892 5892 5892 2552 5892 5892 5892 2526 2526 2526 2526 2526 752 752 2526 2501 2501 2391
16501 16501 16323 10927 10927 10927 16535 16535 16155 16155 14744 10814 10814 10814 10869 10869 10869 10869 10863 10841 10841 10850 10850 10850 10883 10883 10883 10875 10843 10843 10895 10895 10895 10875 10875 10875 700 2436 2436 2448 714 2448 2448 2436 2448 2448 700 700 700 700 700 700 700 4519 710 710 4519 5892 5892 5411 5892 5892 5892 5411 5411 5892 5892 5892 5892 752 752 2526 2526 2526 2526 2526 2501 2501 2391 2391
16323 16323 10927 16535 10927 10927 10927 10927 16155 16543 14744 14744 10814 10814 10869 10869 10869 10869 10863 10841 10863 10850 10908 10883 10863 10863 10841 10899 10843 10875 10895 10895 10875 10875 10875 10875 700 700 2436 2448 2448 2464 2448 2448 2448 2464 700 700 700 710 700 700 5411 4519 4519 5892 5892 5892 5892 5892 5892 5411 5411 5411 5411 5892 5892 5892 5892 752 2391 752 2526 2526 2405 2405 2501 2501 2391 2391
16535 16535 16535 16535 10927 10927 16535 16535 16155 16543 14744 14744 19284 10814 10869 10869 10869 10830 10830 10863 10869 10850 10841 10869 10863 10863 10863 10841 10875 10875 10895 10895 10843 10875 10875 10875 700 700 2448 2448 2448 2464 2436 2448 2448 700 700 710 710 700 700 4519 4519 710 5892 5892 5411 5411 5892 5892 5892 5892 5892 5892 5892 5892 5892 5892 5892 2391 2391 2391 2391 2405 2391 2405 2391 2501 2391 2391
10927 16535 10927 16535 16535 10927 16155 16155 16155 16543 14744 14744 14744 10814 10820 14744 10869 10869 10869 10869 10869 10869 10841 10863 10863 10863 10841 10895 10895 10899 10899 10895 10895 10895 10875 10895 710 700 2448 2448 2436 2448 2448 2448 2448 700 700 710 710 710 710 5411 710 710 5411 5892 700 700 700 700 5892 5892 5892 5892 5892 752 5892 5892 4459 4459 2391 2391 2391 2405 2391 2405 2391 2391 2391 2391
10927 10927 16535 16535 10927 10927 16155 16155 16543 16543 16543 10927 14744 10814 10814 14744 10820 10869 10869 10869 10869 10869 10828 10850 10850 10863 10841 10843 10843 10875 10875 10841 10841 10895 10895 10895 710 710 2448 2448 2448 2448 2437 2436 2448 700 700 710 4519 5411 5411 710 710 837 700 700 2505 2505 2505 700 736 736 746 746 746 752 752 5892 5892 4459 5892 2391 2391 2391 2405 2391 2391 2391 2391 2391
16535 16535 16535 16155 16155 10927 16155 16535 16535 16535 10927 10927 11297 10814 14744 14744 14744 10830 10830 10869 10869 10869 10830 10850 10850 10863 10841 10863 10863 10875 10875 10828 10828 10895 10875 10875 700 2448 2448 2448 2448 2448 2505 2436 2448 700 700 710 5411 710 710 837 6445 709 700 700 2505 736 736 736 736 736 736 746 746 746 752 752 5892 5892 2391 2391 2423 943 2391 2391 2391 2391 2391 2391
10927 16535 16535 16155 16155 16155 16155 16155 16535 16535 16155 16155 11297 10814 14744 19284 14744 10830 10830 10830 10830 10869 10830 10913 10895 10895 10828 10828 10828 10828 10843 10828 10828 10828 10875 10875 700 2448 2448 2464 2448 2448 2505 2436 2448 710 710 710 710 709 709 837 6445 709 771 700 743 736 736 736 736 736 736 746 746 746 943 5892 5892 19284 2391 2391 2391 752 752 2391 2391 2391 2391 2391
16543 10927 10919 16155 16155 16535 16535 16155 16155 16535 16155 11297 19284 14744 14744 14744 10796 10830 14744 10830 10830 10869 10869 10913 10850 10850 10875 10843 10843 10828 10843 10843 10828 10828 10875 10875 5411 2436 2464 2448 2448 2448 2505 2448 2448 700 710 4519 710 709 709 709 6445 837 771 743 2529 736 736 736 736 736 736 746 746 746 746 746 752 19284 4459 2391 2391 752 752 752 2423 2391 2391 2391
10927 16543 10919 16155 16535 16535 16155 16155 16155 16155 16155 16155 19284 10814 14744 14744 10796 14744 14744 14744 10869 10869 10869 10830 10913 10850 10875 10843 10843 10828 10828 10828 10828 10828 10875 10875 2464 2464 2436 2436 2505 2448 2436 2448 2448 2436 714 700 709 709 709 771 771 771 736 736 736 2391 736 736 736 736 746 746 746 746 746 746 746 5892 4459 4459 752 2412 752 752 752 2391 2391 2391
