EPSG_25832/clc_buek_grid_profile_25832_31.asc
ncols        641
nrows        866
xllcorner    280356.848233341298
yllcorner    5235360.556800000370
cellsize     1000.000000000000
NODATA_value -9999
[rows 560 to 594 of 866, columns 400 to 479 of 641]
6109 6109 6235 6235 6235 6109 6001 6206 6206 6219 6132 6132 6078 6374 6374 6374 6374 6374 6356 6374 6374 6374 6374 6374 6007 6314 6314 6314 6305 6305 6305 6305 6283 6283 6339 6374 6374 6380 6374 6374 6321 6321 6294 6294 6267 6267 6267 6294 6314 6337 6267 6279 6001 6001 5999 5999 6374 6374 6138 6374 6374 6374 6374 6374 6374 6374 6374 6374 6374 6374 6374 -9999 -9999 -9999 -9999 -9999 -9999 -9999 -9999 -9999
5993 6068 6109 6229 6229 6109 6001 6219 6205 6206 6206 6206 6219 6007 6374 6374 6374 6374 6356 6374 6374 6374 6374 6374 6374 6007 6314 6337 6305 6007 6305 6305 6339 6339 6374 6374 6374 6380 6166 6001 6321 6321 6267 6267 6267 6294 6267 6267 6337 6267 6250 6267 6166 6166 5999 6007 6374 6374 6374 6374 6374 6374 6374 6374 6374 6374 6374 6374 6374 6374 6374 -9999 -9999 -9999 -9999 -9999 -9999 -9999 -9999 -9999
6013 6223 6223 6170 6109 6109 6013 6219 6205 6206 6206 6219 6007 6078 6374 6374 6374 6356 6356 6374 6374 6378 6374 6374 6374 6380 6294 6374 6374 6374 6305 6305 6374 6374 6374 6374 6380 6138 6001 6374 6321 6321 6267 6250 6267 6294 6250 6267 6267 6267 6267 6166 6138 6166 5999 6117 6117 6374 6374 6374 6374 6374 6374 6374 6374 6374 6374 6374 6374 -9999 -9999 -9999 -9999 -9999 -9999 -9999 -9999 -9999 -9999 -9999
6223 6013 6223 6223 6068 6068 6013 6219 5993 6206 5993 6205 6205 6022 6183 6374 6374 6356 6374 6374 6378 6374 6378 6378 6374 6374 6374 6374 6374 6374 6374 6374 6374 6374 6374 6374 6138 6166 6138 6374 6374 6374 6001 6267 6267 6267 6250 6267 6267 6267 6267 6166 6166 6166 6166 6374 6374 6374 6374 6380 6374 6374 6374 6374 6374 6374 6374 6374 6374 6374 6374 -9999 -9999 -9999 -9999 -9999 -9999 -9999 -9999 -9999
6223 6223 6013 5993 6223 6096 6013 5993 6206 6206 6206 6205 6205 5999 6183 6183 6183 6356 6374 6356 6378 6378 6374 6374 6374 6374 6374 6374 6374 6374 5999 6374 6374 6374 6374 6380 6166 6166 6380 6374 6374 6374 6267 6267 6267 6250 6267 6166 6166 6166 6001 6166 6166 6166 5999 6374 6374 6374 6374 6374 6374 6374 6374 6374 6374 6374 6374 6374 6374 6374 6374 6374 6007 6337 -9999 -9999 -9999 -9999 -9999 -9999
6109 6223 6096 5993 5993 5993 6132 6096 6013 6132 6068 6068 6206 6070 6022 6022 6183 6374 6374 6374 6374 6378 6356 6374 6374 6374 6305 6374 6374 6374 6374 6374 6374 6374 6138 6374 6374 6166 6374 6374 6374 6267 6267 6250 6267 6380 6267 6267 6166 6166 6166 6166 6166 6166 6166 6166 6166 5999 6374 6374 6374 6374 6374 6374 6374 6374 6374 6374 6374 6374 6374 6374 6294 6294 6294 -9999 -9999 -9999 -9999 -9999
6229 6068 5993 6096 6007 6176 6132 6096 5993 6013 6132 6223 6068 6206 6070 6070 6070 6183 6183 6078 6374 6374 6374 6356 6374 6374 6374 6374 6374 6374 6374 6374 6138 6138 6007 6374 6380 6339 6339 6339 6337 6267 6250 6267 6374 6374 6380 6007 6267 6166 6166 6166 6337 6337 6166 6166 6166 6166 6166 5999 6166 6374 6374 6374 6380 6374 6374 6374 6337 6294 6294 6337 6007 6294 6294 -9999 -9999 -9999 -9999 -9999
6109 5993 6132 6132 6223 6223 6068 6096 6096 5993 6068 6132 6223 6132 6070 6070 6070 6138 6146 6120 6078 6078 6078 6078 6374 6374 5999 6374 6374 6374 6374 6374 6374 6374 6374 6374 6380 6314 6314 6314 6314 6314 6314 6314 6337 6374 6374 6374 6374 6166 6117 6166 6007 6290 6166 6166 6166 6166 6166 6166 6166 6166 5999 6374 6374 6007 6294 6294 6294 6294 6294 6294 6294 6294 6294 -9999 -9999 -9999 -9999 -9999
6109 6109 6109 6176 6132 6223 6132 5993 6068 6132 5993 6132 6132 6132 6206 6070 6205 6146 6146 6007 6120 6120 6007 6120 6013 6013 6013 6120 6120 6374 6374 6374 6374 6374 6374 6337 6314 6339 6317 6317 6314 6314 6314 6314 6314 6337 6374 6380 6380 6166 6166 6007 6117 6337 6029 6166 6166 6029 6374 6374 6138 6166 6166 5999 5999 6294 6294 6294 6007 6337 6294 6294 6294 6007 6294 -9999 -9999 -9999 -9999 -9999
6109 6229 6109 6109 6223 6223 6132 6068 6109 6068 6068 6068 6068 6096 6132 6206 6132 6132 6219 6007 6007 6007 6007 6120 6120 6013 6013 5999 6084 6084 6220 6267 6374 6374 6374 6314 6314 6314 6314 6314 6314 6314 6314 6314 6337 6337 6324 6166 6166 6166 6166 6166 6007 6166 5999 19284 19284 19284 6374 6374 6294 6138 6166 6138 6007 6294 6294 6294 6294 6294 6294 6007 6007 6007 -9999 -9999 -9999 -9999 -9999 -9999
5993 6229 6198 6229 6068 6132 6109 6068 5993 6068 6096 6068 6068 6068 6086 6086 6086 6170 6128 6132 6146 6146 6070 6007 6029 6120 6013 6013 6084 6086 6220 6374 6374 6374 6374 6314 6339 6314 6314 6279 6279 6007 6279 6279 6267 6337 19284 6166 6166 6166 6007 6166 6166 5999 5999 5999 5999 6337 6337 6374 6007 6166 6294 6294 6294 6294 6294 6294 6337 6294 6294 6337 6294 -9999 -9999 -9999 -9999 -9999 -9999 -9999
6235 6198 6198 6198 6198 6068 6109 6109 6223 6068 6096 6223 6068 6068 6086 6128 6086 6170 6170 6170 6013 6007 6007 6205 6120 6120 6084 6013 6086 6086 6086 6374 6374 6374 6374 6314 6283 6314 6279 6314 6314 6374 6007 6007 6267 6267 6166 19284 6337 6324 6166 6166 5999 6337 6337 6279 6279 6337 6337 5999 5999 6294 6294 6294 6294 6294 6294 6294 6294 6294 6294 6294 6279 -9999 -9999 -9999 -9999 -9999 -9999 -9999
6198 6198 6198 6223 6198 6109 6109 6109 6223 6068 6096 6096 6096 6068 6068 6086 6086 6170 6223 6170 6132 6068 5999 6084 6084 6084 6084 6084 6086 6086 6220 6374 6374 6374 6374 6314 6314 6314 6314 6314 6314 6314 6337 6337 6250 6324 6166 6314 6337 6166 6275 6275 6275 6337 6279 6279 6275 6337 6345 6324 5999 6294 6294 6294 6294 6294 6337 6294 6294 6294 6294 6294 6294 -9999 -9999 -9999 -9999 -9999 -9999 -9999
6212 6212 6198 6198 6198 6109 6170 6109 6068 6176 6061 6007 6223 6068 6068 6068 6223 6223 6096 6096 6001 6170 6096 5999 6084 6084 6084 5999 6086 6086 6086 6086 6374 6374 6374 5999 6283 6337 6314 6314 6380 6314 6304 6007 6267 6324 6314 6314 6279 6279 5999 5999 6279 6279 6279 6279 6279 6279 6166 6166 6279 6279 6294 6294 6294 6294 6279 6294 6294 6294 6294 6007 -9999 -9999 -9999 -9999 -9999 -9999 -9999 -9999
6212 6212 6198 6198 6223 6109 6068 6132 6068 6176 6096 6223 6223 6223 6068 6068 6176 6223 6223 6223 6176 6001 6001 6013 6013 6084 6084 5999 6086 6086 6187 6086 6220 6242 6374 6183 6072 5999 6265 6380 6304 6337 6337 6007 6007 6330 6275 6324 6279 6279 6279 6279 6279 6279 6279 6279 6279 6279 6279 5999 6290 6279 6294 6294 6294 6337 6294 6294 6294 6007 6007 6007 -9999 -9999 -9999 -9999 -9999 -9999 -9999 -9999
6212 6212 6212 6223 6223 6229 6068 6096 6096 6109 6205 6096 6223 6109 6109 6068 6176 6223 6223 6223 6223 6223 6001 6001 6001 5999 6013 6086 6086 6187 6187 6007 6086 6086 6076 6183 6072 6183 6294 6265 6304 6337 6324 6304 6304 6304 6324 6324 6279 6279 6279 6290 6279 6324 6324 6324 6279 6279 6279 6279 6279 6279 6279 6294 6294 6337 6294 6337 6294 6337 -9999 -9999 -9999 -9999 -9999 -9999 -9999 -9999 -9999 -9999
6212 6212 6223 6235 6198 6229 6159 6096 6096 6068 6205 6109 6109 6176 6109 6109 6223 6086 6086 6068 6068 6170 6223 6223 6001 6086 6086 6086 6086 6086 6029 6086 6086 6076 6076 6076 6183 6183 6294 5999 5999 6265 6294 6304 6294 6294 6294 6324 6279 6279 6324 6290 6007 6279 6279 6337 6337 6279 6279 6279 6279 6279 6279 6294 6294 6294 6337 6337 6294 6294 -9999 -9999 -9999 -9999 -9999 -9999 -9999 -9999 -9999 -9999
6212 6212 6223 6235 6198 6235 6170 6007 6109 6068 6109 6205 6109 6096 6176 6109 6176 6128 6086 6128 6068 6068 6170 6086 6086 6086 6086 5999 6086 6086 6086 6106 6106 6106 6076 6076 6076 6294 6279 6279 6007 6304 5999 5999 6279 6294 6279 6279 6279 6279 6279 6279 6279 6294 6294 6294 6337 6279 5999 6374 6374 6290 6290 6294 6294 6294 6294 6337 6294 6294 -9999 -9999 -9999 -9999 -9999 -9999 -9999 -9999 -9999 -9999
6212 6212 6212 6235 6235 6198 6007 6068 6109 6109 6109 6205 6109 6109 6170 6223 6109 6176 6086 6086 6128 6068 6170 6096 6086 6086 6086 6086 6170 6086 6106 6124 6124 6106 6076 6076 6076 6076 6007 6294 6304 6304 6304 6304 6294 6304 5999 5999 6279 6290 6279 6279 6275 6275 6294 6279 6279 6279 6290 19284 6279 5999 5999 5999 6294 6294 6007 6294 6305 6305 -9999 -9999 -9999 -9999 -9999 -9999 -9999 -9999 -9999 -9999
6212 6212 6212 6212 6235 6235 6235 6170 6068 6109 6068 6096 6205 6109 6170 6223 6223 6223 6223 6086 6086 6128 6096 6223 6086 6086 6001 6086 6086 6170 6007 6124 6106 6106 6076 6076 6076 6076 6076 6294 6294 6304 6294 6304 6304 6304 6304 6290 6290 6290 6290 6290 6324 6290 6290 6290 6279 6294 6294 6294 6294 6337 6294 6294 6294 6294 6007 6294 6294 6294 -9999 -9999 -9999 -9999 -9999 -9999 -9999 -9999 -9999 -9999
6212 6001 6212 6212 6223 6223 6235 6235 6223 6223 6223 6109 6205 6109 6170 6001 6001 6001 6223 6001 6086 6187 6096 6223 6086 6086 6086 5999 6086 6086 6124 6124 6124 6106 6106 6076 6076 6076 6076 6294 6337 6304 6294 6294 6279 6294 6294 6294 6294 6290 6290 6275 6290 6290 6290 6290 6294 6294 6290 6294 6294 6294 6294 6294 6294 6294 6317 6317 6317 6294 -9999 -9999 -9999 -9999 -9999 -9999 -9999 -9999 -9999 -9999
6212 6212 6212 6212 6212 6001 6212 6212 6212 6212 6170 6223 6187 6084 6001 6086 6068 6068 6001 6068 6187 6086 6086 6086 6084 6086 6086 6086 6013 6086 6086 6086 6124 6106 6106 6106 6076 6076 6076 6149 6294 6294 6304 6294 6294 6294 6304 5999 6304 6304 6294 6337 6290 6007 6290 6290 6294 6294 6294 6317 6317 6317 6294 6294 6305 6317 6317 6317 6317 -9999 -9999 -9999 -9999 -9999 -9999 -9999 -9999 -9999 -9999 -9999
6212 6212 6212 6212 6212 6212 6212 6212 6212 6212 6212 6132 6084 6084 6086 6086 6086 6084 6001 6001 6001 6086 6086 6013 6086 6086 6086 6086 5999 6013 6086 6086 6086 6124 6124 6106 6076 6153 6106 6106 6294 6294 6304 6294 6007 6294 6294 6304 6294 6304 6304 6304 6007 6007 6007 6294 6305 6305 6317 6317 6317 6317 6305 6305 6305 6305 6317 6317 -9999 -9999 -9999 -9999 -9999 -9999 -9999 -9999 -9999 -9999 -9999 -9999
6036 6212 6212 6001 6001 6235 6212 6212 6229 6212 6212 6212 6212 6212 6132 6086 6128 6128 6128 6128 6086 6001 6029 6029 6029 6086 6084 6086 6086 6086 5999 6086 6086 6086 6086 6124 6153 6153 6106 6153 6153 6294 6304 6294 6007 6294 6294 6294 6294 6294 6304 6007 6330 6330 6304 6294 6294 6305 6305 6317 6317 6317 6317 6305 6305 6305 -9999 -9999 -9999 -9999 -9999 -9999 -9999 -9999 -9999 -9999 -9999 -9999 -9999 -9999
6036 6036 6212 6212 6229 6212 6212 6229 6229 6212 6235 6235 6235 6101 6212 6084 6086 6086 6029 6029 6029 6187 6084 6029 6029 6029 6029 6086 6086 6086 5999 6084 6084 6084 6086 6187 6124 6153 6106 6106 6153 6001 6149 6294 6294 6294 6294 6294 5999 6294 6304 6304 6304 6304 6304 6294 6294 6305 6305 6317 6317 6317 6317 6305 6305 -9999 -9999 -9999 -9999 -9999 -9999 -9999 -9999 -9999 -9999 -9999 -9999 -9999 -9999 -9999
6045 6045 6036 6212 6036 6045 6090 6212 6212 6212 6212 6235 6235 6235 6235 6086 6086 6086 6029 6029 6029 6086 6084 6187 6187 6029 6029 6029 6029 6086 6013 5999 6013 6086 6086 6187 6128 6124 6153 6149 6159 6159 6159 6294 6294 6294 6279 6294 6294 6294 6290 6290 6304 6294 6304 6304 6337 6317 6317 6317 6317 6317 6317 6339 6305 6294 -9999 -9999 -9999 -9999 -9999 -9999 -9999 -9999 -9999 -9999 -9999 -9999 -9999 -9999
6045 6036 6036 6036 6036 6045 6090 6212 6212 6229 6235 6212 6153 6235 6153 6090 6086 6086 6128 6128 6086 6084 6084 6084 6084 6086 6029 6029 6029 6128 6128 6013 5999 6086 6086 6084 6086 6128 6001 6153 6149 6159 6001 6153 6023 6279 6294 6007 6294 6294 6294 6290 6290 6007 6294 6294 6294 6294 6305 6007 6279 6317 6317 6317 6305 6305 6305 -9999 -9999 -9999 -9999 -9999 -9999 -9999 -9999 -9999 -9999 -9999 -9999 -9999
6101 6045 6045 5999 6036 6036 6045 6212 6212 6045 6045 6045 6090 6090 6090 6036 6149 6086 6001 6086 6029 6084 6084 6084 6084 6084 6086 6086 6013 6128 6128 6018 6013 5999 6013 6086 6086 6086 6001 6106 6149 6153 6159 6086 6029 6023 6294 6294 5999 6279 6294 6290 6290 6294 6294 6294 6294 6007 6007 6007 6294 6294 6317 6345 6305 6305 6305 -9999 -9999 -9999 -9999 -9999 -9999 -9999 -9999 -9999 -9999 -9999 -9999 -9999
6101 6055 6055 5999 6045 6036 6045 6212 6212 6055 6090 6045 6153 6153 6101 6090 6149 6001 6086 6086 6086 6029 6029 6120 6120 6086 6086 6086 6086 6086 6018 6018 6013 6013 6013 6029 6029 6029 6086 6023 6149 6153 6153 6159 6187 19284 6023 6279 6279 6279 6279 6290 6290 6290 6294 6294 6304 6294 6337 6337 6305 6317 6290 6294 6305 6305 6305 6294 -9999 -9999 -9999 -9999 -9999 -9999 -9999 -9999 -9999 -9999 -9999 -9999
6101 6101 6101 6036 6036 6055 6090 5999 6212 6212 6090 6212 6235 6153 6153 6153 6153 6101 6101 6212 6086 6029 6086 6120 6120 6029 6120 6086 6086 6086 6128 6018 6018 6013 5999 6029 6029 6128 6128 6128 6128 6128 6128 6086 6086 6086 6023 6013 5999 6294 6279 6279 6290 6290 6290 6337 6294 6294 6294 6294 6294 6317 6317 6317 6317 6305 6294 6294 6023 -9999 -9999 -9999 -9999 -9999 -9999 -9999 -9999 -9999 -9999 -9999
6101 6101 6090 6090 5999 6090 6045 6036 6036 6212 6090 6212 6235 6235 6153 6153 6101 6101 6101 6101 6086 6086 6086 6029 6029 6120 6120 6029 6013 6120 5999 6018 6018 19284 5999 6029 6029 6128 6128 6128 6128 6128 6128 6029 6029 6086 6086 6018 5999 6279 6279 6294 6279 6290 6007 6290 6330 6330 6330 6294 6294 6294 6317 6317 6337 6294 6294 6294 6337 6337 6345 -9999 -9999 -9999 -9999 -9999 -9999 -9999 -9999 -9999
6090 6090 6101 6101 6101 6090 5999 6101 6101 6036 6212 6212 6212 6235 6153 6153 6101 6101 6101 6101 6149 6120 6120 6120 6120 6120 6120 6029 6120 6029 6120 6013 5999 6013 6013 6018 6013 6128 6128 6128 6128 6128 6128 6128 6128 6128 6023 6013 6013 5999 6279 6294 6294 6290 6275 6290 6290 6304 6337 6337 6294 6294 6294 6305 6294 6305 6294 6294 6294 6294 6337 6305 6294 6337 -9999 -9999 -9999 -9999 -9999 -9999
6124 6124 6101 6101 5999 6101 6101 6101 6007 6007 6212 6229 6229 6235 6153 6045 6101 6101 6149 6101 6149 6120 6120 6120 6120 6120 6120 6120 6120 6120 6120 6029 6013 5999 6013 6013 6128 6029 6029 6128 6128 6128 6128 6013 6013 6013 6023 6013 5999 5999 6078 6279 6294 6304 6304 6330 6294 6294 6294 6294 6294 6294 6294 6305 6023 6305 6294 6305 6294 6294 6305 6305 6294 6337 -9999 -9999 -9999 -9999 -9999 -9999
6101 6101 6090 5999 6101 6101 6101 6101 6101 6144 6036 6045 6212 6090 6090 6045 6090 6090 6101 6101 6101 6101 6101 6120 6120 6120 6120 6120 6120 6120 6120 6120 6120 5999 6013 6013 6128 6029 6029 6029 6120 6120 6146 6146 6146 6146 6146 6013 5999 6072 6078 6279 6279 6294 6330 6330 6275 6001 6294 6294 6294 6337 6294 6305 6023 6294 6337 6305 6337 6337 6337 6294 6294 6305 6337 -9999 -9999 -9999 -9999 -9999
6101 6101 6101 6045 5999 6101 6101 6144 6144 6101 6036 6036 6045 6045 6045 6045 6101 6101 6101 6101 6101 6212 6086 6187 6187 6187 6120 6120 6120 6120 6120 6120 6120 6120 5999 6013 6120 6029 6029 6029 6120 6029 6072 6072 6072 6072 6013 6013 6023 6072 6072 6279 6279 6294 6290 6290 6275 6290 6294 6294 6294 6294 6305 6294 6294 6294 6305 6305 6305 6294 6305 6305 6305 6305 6337 -9999 -9999 -9999 -9999 -9999
