EPSG_25832/clc_buek_grid_profile_25832_21.asc
ncols        641
nrows        866
xllcorner    280356.848233341298
yllcorner    5235360.556800000370
cellsize     1000.000000000000
NODATA_value -9999
[rows 144 to 179 of 866, columns 480 to 559 of 641]
11518 11518 11475 11497 11518 11518 11453 11497 11497 11453 11453 11453 11497 11497 11475 11475 11475 11475 11475 11475 11578 11497 11497 11497 11497 11578 11578 11578 11497 11475 11430 11430 11497 11497 11453 11518 11491 11518 11491 11554 11491 11491 11491 11453 11453 11453 11453 11704 11430 11430 11430 11708 11708 11708 11708 11708 11708 11708 11708 11708 11708 11704 19276 20099 11694 11704 11704 11704 11701 11701 11701 11701 11708 11701 11701 11701 11701 11701 11701 11704
11497 11497 11518 11497 11497 11518 11453 11453 11453 11453 11453 11497 11497 11497 11475 11475 11475 11475 11475 11491 11578 11453 11497 11578 11578 11578 11572 11475 11475 11475 11491 11497 11497 11497 11497 11497 11518 11491 11491 11491 19276 11491 11491 11491 11453 11453 11453 11453 11704 11430 11704 11708 11708 11708 11708 11708 11708 11708 11708 11708 11708 11704 11704 11704 11704 11704 11704 11704 11701 11701 11701 11701 11701 19277 11701 11701 11701 11701 11701 11701
11497 11518 11518 11497 11497 11518 11518 11475 11475 11475 11453 11453 11497 11497 11497 11475 11475 11475 11475 11491 11578 11453 11578 11578 11497 11518 11518 11497 11475 11491 11497 11497 11497 11453 11430 11497 11578 11578 11491 11491 11491 11491 11491 11491 11491 11491 11453 11453 11453 11453 19284 19284 11708 11708 11708 11708 11708 11708 11708 11704 11704 11704 11704 11701 11701 11700 11701 11701 11701 11701 19276 19276 11701 11701 11701 11701 11701 11701 11701 11701
11475 11518 11497 11580 11497 11518 11518 11475 11475 11475 11453 11497 11497 11475 11475 11475 11475 11475 11475 11491 11578 11578 11578 11497 11497 11518 11518 11497 11475 11430 11497 11497 11497 11453 11497 11497 11578 11578 11453 11453 11554 11491 11491 11491 11491 11491 11400 11453 11453 11704 19284 19284 19284 11708 11708 11708 11708 11708 11704 11704 11704 11704 11704 11701 11701 11701 11701 11701 11669 11701 19276 19276 11701 11701 11701 11701 11701 11701 11701 11701
11518 11497 11497 11497 11497 11518 11475 11475 11491 11578 11497 11497 11475 11475 11475 11475 11453 11453 11453 11578 11578 11578 11497 11497 11497 11497 11497 11497 11475 11430 11497 11497 11453 11453 11430 11578 11453 11453 11453 11453 11453 11554 11554 11491 11491 11400 11400 11708 11708 11708 11701 19284 19284 19284 11708 11708 11704 11701 11701 11701 11701 11701 11701 11701 11701 11701 11701 11701 11701 11701 11708 11701 11701 11701 11701 11701 11669 11669 11701 11701
11497 11497 11497 11497 11497 11580 11497 11475 11475 19284 11497 11497 11475 11535 11518 11518 11430 11430 11430 11578 11578 11578 11453 19281 11453 11497 11497 11497 11430 11453 11497 11497 11430 11430 11430 11578 11453 11453 11497 11497 11497 11453 11453 11491 11491 11400 11400 11400 11701 11701 11700 19284 19284 19284 11704 11704 11669 11701 11701 11701 11701 11701 11701 11708 11708 11708 11701 11701 11701 11701 11701 11701 11701 19277 11701 11669 11669 11669 11701 11701
11475 11475 11497 11497 11497 11497 11475 11475 11475 11491 11475 11475 11475 11535 11535 11518 11518 11453 11453 11430 11578 11410 11453 11453 11453 11453 11453 11453 11453 11453 11497 11430 11430 11430 11430 11554 11453 11453 11497 11497 11497 11497 11453 11497 11497 11453 11491 11453 11453 11400 11430 11430 11708 19284 11708 11704 11701 11701 11701 11618 11618 11618 11618 11618 11701 11701 11701 11701 11701 11704 11701 11701 11701 11701 11701 11669 11669 8852 8855 8855
11518 11518 11475 11497 11475 11497 11475 11475 11475 11475 11475 11475 11491 11535 11535 11518 11453 11453 11453 11453 11578 11475 11453 11475 11453 11453 11453 11453 11453 11453 11453 11453 11430 11453 11578 11453 11453 11475 11475 11475 11475 11475 11453 11453 11453 11465 11465 11596 11596 11596 11430 11430 11430 11708 11708 11708 11708 11701 11701 11618 11618 11618 6777 6773 6773 6773 6924 6924 6927 6924 8852 8852 8852 8852 8852 8852 8852 8852 8852 8855
11518 11518 11518 11497 11475 11497 11497 11475 11475 11475 11475 11491 11491 11475 11518 11518 11453 11453 11430 11475 11578 11578 11475 11453 11453 11475 11475 11453 11475 11475 11453 11453 11453 11453 11453 11453 11453 11475 11497 11475 11475 11475 11475 11453 11453 11465 11596 11596 6777 6645 6777 11430 6517 6517 6517 6517 6945 6945 20060 6784 6777 6777 6777 6777 6777 6773 6924 6924 6924 6924 6924 8852 8868 8852 8852 8852 8852 8852 8852 8868
11518 11518 11430 11497 11497 11497 11497 11475 11475 11475 11475 11475 11491 11475 11518 11518 11518 11453 11475 11475 11578 11580 11475 11453 11453 11453 11475 11453 11475 11453 11475 11453 11578 6598 6598 6598 6719 6517 6598 6606 6598 6606 6606 6598 6598 20060 6645 6645 6645 6645 6645 6645 6645 6517 6517 6517 6517 6517 6645 6777 6777 6777 6777 6777 6777 6777 6817 6927 6924 6924 8852 8852 8868 8852 19277 8852 8852 8852 8868 8852
11475 11518 11475 11475 11430 11475 11497 11475 11475 11535 11475 11475 11475 11491 6606 6700 6700 6598 6606 6746 6746 6746 11475 19277 6598 6598 6606 6606 6700 6700 6598 6746 6741 6598 6517 6517 6517 6517 6598 6741 6598 6598 6598 6598 6741 20060 20060 6777 6645 6645 6645 6645 6645 6645 6645 6645 6645 6517 6777 6777 6777 6825 6817 6817 6817 6817 6817 6817 6927 6927 8852 8852 8852 8852 8852 8809 8852 8852 8852 8852
6606 6606 6606 6606 6606 6606 6606 6606 6606 6606 6746 6606 6606 6660 6598 6700 6700 6606 6606 6746 6746 6746 19277 6598 6598 6700 6598 6700 6700 6700 6746 6598 6741 6598 6517 6719 6719 6719 6719 6719 6598 6598 6598 6700 6700 6825 6825 6645 6645 6645 6645 6645 6687 6645 6687 6645 6645 6645 6825 6817 6817 6817 6817 6817 6817 6817 6817 6817 6945 6927 8868 8852 8852 8852 8852 8852 8852 8868 8851 8852
6606 6655 6655 6606 6606 6606 6606 6606 6606 6606 6700 6746 6660 6598 6598 6598 6606 6606 6598 6517 6516 6516 19276 6517 6517 6748 6746 6746 6746 6517 6517 6598 6598 6598 6719 6719 6719 6719 6606 6606 6700 6700 6598 6598 6606 6606 6719 6606 6687 6645 6645 6645 6645 6687 6505 6505 6825 6598 6719 6660 6517 6598 6598 6517 6817 6598 6817 6817 6817 6927 6945 8868 8855 8855 8851 8852 8852 8868 19284 8852
6598 6655 6655 6606 6741 6606 6606 6606 6606 6746 6700 6598 6598 6598 6598 6598 6606 6598 6598 6517 6516 6516 19275 19277 6748 6746 6746 6746 6517 6517 6517 6598 6598 6719 6719 6719 6719 6719 6719 6606 6606 6598 6598 6700 6606 6719 6719 6719 6606 6606 6606 6645 6645 6645 6645 6598 6825 6598 6598 6719 6598 6598 6598 6598 6517 6598 6517 6875 6817 6945 6927 8868 8868 8855 8855 8852 8852 8868 19284 8852
6700 6700 6655 6655 6741 6606 6606 6606 6606 6746 6700 6748 6598 6598 6700 6700 6606 6606 6598 6517 6746 19275 19276 19277 19276 6517 6517 6517 6517 6517 6598 6517 6517 6719 6719 6719 6719 6719 6719 6598 6598 6598 6598 6606 6606 6719 6719 6606 6606 6606 6606 6606 6606 6606 6606 6598 6598 6598 6825 6719 6598 6606 6606 6598 6598 6598 6517 6817 6817 6817 6945 8868 8868 8851 8855 8855 8714 8868 8868 8868
6491 6700 6655 6655 6655 6655 6719 6606 6606 6598 6598 6598 6700 6700 6700 6700 6660 6606 6606 6598 19284 6746 19276 6511 19276 6517 6517 6517 6517 6598 6598 6700 6606 6606 6700 6700 6606 6719 6606 6598 6598 6700 6700 6606 6606 6606 6719 6606 6719 6606 6606 6606 6606 6517 6606 6606 6606 6606 6825 6719 6598 6598 6606 6598 6606 6598 6517 6817 6817 6817 6945 8868 8851 8714 8855 8855 8714 8714 8868 8868
6606 6505 6655 6655 6655 6606 6606 6606 6727 6598 6598 6598 6700 6700 6700 6700 6606 6606 6511 6511 19284 19284 19276 6511 6517 6517 6517 6517 6517 6517 6598 6700 6700 6700 6700 6700 6606 6606 6700 6700 6700 6700 6606 6606 6606 6606 6700 6700 6517 6700 6606 6606 6606 6606 6606 6606 6606 6606 6606 6746 6517 6598 6606 6606 6598 6598 6517 6817 6817 6848 19277 8564 8564 8564 8855 8855 8714 8714 8868 8868
6606 6606 6606 6606 6606 6606 6606 6727 6598 6598 6598 6598 6746 6700 6700 6700 6700 6511 6511 19284 19284 6511 6606 6606 6511 6517 6517 6517 6517 6517 6700 6700 6700 6700 6606 6727 6727 6606 6719 6700 6517 6660 6719 6719 6700 6700 6700 6700 6700 6606 6606 6606 6606 6606 6606 6606 6606 6575 6746 6825 6593 6517 6593 6606 6598 6598 6598 6817 6817 6746 6517 8564 8634 8564 8564 8714 8714 8714 8642 8868
6606 6606 6505 6606 6606 6517 6606 6606 6727 6598 6598 6746 6700 6700 6700 6700 6700 6511 6511 19284 19284 6517 6517 6606 6606 6511 6517 6517 6598 6598 6598 6598 6719 6700 6700 6606 6606 6606 6719 6719 6517 6517 6719 6719 6700 6700 6700 6700 6700 6491 6491 6606 6606 6606 6606 6606 6606 6606 6746 6593 6593 6593 6517 6606 6517 6598 6598 6598 6746 6517 6517 8564 8799 8564 8564 8642 8642 8642 8642 8642
6606 6606 6505 6606 6696 6517 6517 6719 6719 6719 6598 6748 6700 6700 6700 6700 6606 6511 19284 19284 6511 6511 6598 6598 6746 6598 6517 6598 6598 6606 6719 6719 6719 6606 6606 6517 6606 6606 6719 6598 6517 6598 6598 6719 6719 6719 6660 6700 6700 6491 6491 6655 6606 6700 6700 6700 6606 6517 6727 6593 6593 6593 6593 6606 6598 6598 6598 6516 6660 6517 6777 8761 8761 8564 8634 8642 8642 8642 8642 8642
6655 6606 6606 6696 6696 6517 6719 6719 6719 6719 6606 6606 6606 6606 6606 6606 6606 6511 19284 19284 6511 6517 6517 6598 6606 6598 6598 6598 6598 6606 6606 6606 6606 6719 6719 6719 6719 6719 6606 6598 6517 6700 6598 6719 6719 6719 6660 6700 6696 6696 6655 6655 6655 6700 6700 6593 6593 6593 6593 6593 6593 6660 6593 6606 6606 6606 6598 6746 6660 6660 6517 8634 8761 8761 8564 8634 8642 8642 8634 8634
6700 6700 6606 6606 6606 6719 6719 6719 6719 6719 6606 6606 6606 6606 6606 6606 6606 19284 19284 19284 6511 6606 6598 6598 6660 19276 6598 6606 6606 6606 6606 6606 6719 6719 6719 6719 6719 6517 6598 6598 6700 6700 6719 6598 6660 6660 6517 6748 6606 6696 6655 6655 6700 6700 6700 6593 6593 6593 6593 6593 6593 6593 6660 6606 6606 6606 6746 6598 6660 6660 6517 8564 8757 8564 8564 8642 8761 8634 8634 8634
6687 6606 6606 6606 6606 6606 6606 6606 6517 6719 6719 6606 6606 6606 6517 6517 19284 19284 19284 6516 6606 6606 6598 6660 6660 6598 6598 6517 6598 6517 6606 6517 6719 6719 6719 6696 6696 6517 6517 6517 6700 6700 6719 6719 6664 6700 6700 6700 6606 6655 6655 6715 6715 6593 6593 6593 6593 6593 6593 6593 6593 6593 6660 6606 6606 6606 6746 6598 6660 6655 6660 8564 8564 8642 8642 8642 8642 8761 8634 8634
6499 6606 6606 6606 6606 6606 6719 6606 6499 6719 19284 6606 6606 6606 6517 6517 19284 19284 6516 6598 6598 6598 6660 6719 6660 6598 6598 6598 6598 6517 6598 6517 6598 6719 6696 6696 6696 6696 6517 6598 6598 6517 6517 6517 6517 6700 6700 6700 6606 6593 6593 6751 6593 6593 6715 6593 6593 6593 6593 6660 6593 6593 6660 6606 6606 6606 6598 6660 6660 6655 6606 8642 8634 8634 8564 8642 8642 8642 8634 8564
6817 6606 6606 6606 6606 6606 6719 6719 6499 6719 6719 6606 6495 6495 6660 6748 19284 6598 6598 6598 6598 6598 6719 6660 6598 6598 6598 6598 6598 6598 6598 6598 6598 6598 6660 6517 6696 6719 6719 6598 6598 6517 6517 6517 19284 6700 6700 6593 6593 6593 6593 6593 6593 6593 6715 6598 6598 6593 6593 6593 6593 6612 6612 6612 6606 6940 6598 6660 6655 6606 6612 6612 8634 8634 8634 8692 8642 8642 8634 8564
6817 6606 6773 6773 6606 6499 6719 6719 19284 6719 6499 6499 6495 6495 6746 19284 6748 6517 6517 6517 6719 6719 6719 6660 6598 6598 6598 6598 6598 6598 6660 6598 6598 6598 6660 6517 6719 6719 6517 6598 6598 6517 6517 6517 6517 6517 6593 6517 6593 6593 6593 6593 6593 6715 6593 6593 6593 6593 6593 6612 6612 6612 6612 6612 6612 6953 6598 6660 6612 6612 6612 6612 8648 8634 8634 8692 8642 8642 8634 8667
6817 6784 6784 6784 6499 6499 6719 6517 6700 6700 6499 6499 6499 6746 19284 19284 19284 6517 6517 6517 6719 6719 6660 6660 6598 6598 6598 6598 6598 6598 6660 6598 6598 6598 6517 6719 6719 6517 6719 6606 6606 6700 6700 6495 6517 6517 6517 6517 6593 6593 6593 6593 6593 6715 6593 6593 6593 6593 6612 6612 6612 6593 6593 6953 6953 6660 6660 6660 6612 6612 6612 6612 8648 8648 8634 8692 8642 8642 8634 8667
6817 6817 6817 6784 6499 6499 6606 6517 6655 6700 6499 6499 6499 6746 6495 6495 6495 6606 6517 6517 6517 6660 6660 6598 6598 6517 6598 6598 6598 6598 6606 6598 6598 6598 6598 6719 6517 6606 6606 6606 6719 6719 6748 6700 6700 6517 6517 6751 6593 6593 6593 6593 6593 6593 6593 6593 6593 6736 6593 6593 6593 6593 6593 6953 6953 6660 6660 6612 6612 6612 6612 6612 8648 8648 8648 8642 8642 8642 8634 8667
6817 19284 6817 6777 6825 6825 6785 6785 6655 6655 6655 6499 6499 6817 6495 6687 6495 6606 6606 6517 6517 6517 6719 6517 6517 6598 6598 6696 6700 6606 6606 6598 6598 6598 6598 6598 6517 6719 6719 6719 6719 6719 6598 6598 6517 6517 6517 6751 6593 6593 6593 6593 6593 6593 6593 6593 19277 6736 6593 6593 6593 6593 6593 6953 6660 6660 6660 6612 6612 6612 6612 6612 8648 8652 8648 8692 8692 8692 8652 8652
6817 6865 6817 6777 6825 6785 6785 6825 6825 6825 6777 6777 6817 6817 6495 6687 6687 6777 6606 6606 6700 6517 6719 6517 6746 6598 6696 6700 6700 6606 6606 6748 6598 6598 6517 6598 6598 6719 6719 6719 6719 6719 6727 6517 6517 19284 19284 6593 6593 6593 6593 6593 6593 6593 6593 6593 6593 6593 6593 6593 6593 6593 6593 6953 6660 6660 6612 6612 6612 6612 6612 6612 8648 8648 8648 8692 8692 8634 8634 8634
6817 19284 6817 6825 6825 6825 6785 6825 6825 6825 6825 6777 6817 6517 6517 6687 6777 6777 6606 6606 6700 6700 6719 6719 6598 6598 6727 6700 6700 6606 6517 6517 6598 6598 6598 6598 6748 6719 6719 6719 6719 6719 19284 19284 6593 19284 6593 6593 6593 6593 6593 6593 6559 6593 6593 6593 6593 6593 6593 6593 6593 6593 6593 6953 6953 6593 6486 6486 6486 6612 6612 6598 8537 8537 8537 8692 8634 8634 8634 8652
6817 19284 6817 6825 6825 6825 6825 6825 6777 6825 6825 6777 6499 6499 6517 6777 6777 6645 6719 6606 19284 19284 6655 6495 6517 6517 6727 6700 6727 6727 6727 6598 6598 6719 6719 6606 6606 6719 6719 6655 6719 6719 19284 19284 6593 6593 6593 6593 6593 6571 6571 6559 6559 6593 6593 6593 6593 6593 6593 6593 6571 6593 6953 6953 6953 6593 6486 6486 6486 6486 6612 6486 8537 8537 8537 8634 8634 8634 8652 8634
6817 19284 6817 6825 6825 6825 6825 6825 6825 6825 6825 6784 6517 19284 6777 6777 6777 6777 6719 6606 6655 6655 6727 6495 6517 6719 6727 6727 6727 6727 6700 6606 6719 6719 6719 6606 6606 6719 6606 6655 6655 6655 19284 19284 6593 6593 6593 6593 6593 6571 6593 6571 6559 6559 6593 6593 6593 6593 6593 6593 6571 6571 6571 6953 6953 6593 6593 6593 6486 6486 6486 6486 8537 8537 8537 8612 8634 8652 8652 8648
6817 6817 6817 6825 6825 6825 6825 6825 6825 6817 6825 6825 6784 6777 6825 6645 6660 6719 6719 6773 6655 19284 6727 6727 6727 6719 6727 6727 6727 6606 6700 6606 6606 6606 6606 6606 6606 6719 6606 6655 6655 6655 6696 6562 6593 6593 6593 6593 6593 6593 6593 6571 6571 6593 6593 6593 6593 6593 6593 6593 6571 6571 6953 6953 6953 6593 6593 6593 6598 6486 6486 6486 8537 8537 8612 8634 8634 8652 8652 8652
6817 6817 6817 6817 6825 6825 6825 6825 6825 6817 6817 6817 6825 6825 6645 6645 6777 6660 6773 6773 6517 6517 19284 6727 6727 6719 6727 6727 6727 6517 6700 6700 6655 6655 6606 6719 6719 6606 6517 6655 6655 6696 6593 6612 6593 6626 6626 6593 6593 6593 6571 6571 6755 6593 6593 6593 6593 6636 6636 6751 6571 6571 6953 6953 6593 6593 6593 6486 6486 6486 6598 6598 8619 8652 8612 8634 8634 8634 8652 8652
6817 6817 6817 6817 6817 6817 6825 6875 6825 6825 6825 6817 6817 6817 6825 6825 6777 20060 6773 6773 6773 6517 19284 6727 6727 6727 6727 6660 6727 6727 6517 6517 6655 6655 6517 6517 6606 19284 19284 6655 6616 6616 19284 6612 19284 6833 6626 6593 6593 6571 6571 6636 6636 6593 6593 6593 6636 6631 6636 6486 6593 6953 6953 6593 6593 6593 6486 6486 6486 6598 6612 6612 8652 8652 8612 8634 8634 8634 8634 8652
