EPSG_25832/clc_buek_grid_profile_25832_31.asc
ncols        641
nrows        866
xllcorner    280356.848233341298
yllcorner    5235360.556800000370
cellsize     1000.000000000000
NODATA_value -9999
[rows 455 to 489 of 866, columns 0 to 79 of 641]
-9999 -9999 -9999 -9999 -9999 -9999 -9999 -9999 -9999 -9999 -9999 9202 9202 17911 17911 19276 17911 17911 17911 17911 17911 17911 17911 17911 17911 17911 17911 17911 17911 17911 17976 17276 17276 19276 17853 18000 18000 18000 3250 3250 3250 3250 3250 18000 17911 17911 17911 19276 19276 19276 17911 17911 17911 19276 17276 19277 19276 17339 3252 3250 17700 17700 19276 17911 17911 17911 19276 19276 19276 19276 19276 3245 3245 19275 19275 19275 19275 3245 3245 19276
-9999 -9999 -9999 -9999 -9999 -9999 -9999 -9999 -9999 -9999 -9999 -9999 17911 17911 17853 19276 19276 19276 19277 17911 19276 17911 17911 19276 17911 19282 17911 17911 17911 17911 17911 17276 17276 17276 19276 19276 17853 18000 3250 3250 3250 19281 19281 19281 19281 19281 19281 19281 17911 17911 17911 17911 17911 17911 17911 17285 19276 19276 3250 3252 17700 17700 17339 19276 17911 17911 17911 19276 19276 19276 17911 19276 19276 17217 19275 19275 19275 19275 3245 19275
-9999 -9999 -9999 -9999 -9999 -9999 -9999 -9999 -9999 -9999 -9999 -9999 -9999 -9999 17242 17911 17911 17911 19276 17911 17976 19276 19276 17911 17911 17911 17911 17911 17911 17911 17911 17911 17242 19276 17276 17276 17932 18015 18000 3250 3250 19281 19281 19281 19281 19281 19281 19281 19281 17932 19276 17911 17976 18000 17911 17911 17285 17285 3250 3250 3250 17700 17700 17700 17911 19276 19277 19277 19276 19276 17911 19276 19276 3245 19275 19275 19275 19276 19276 19275
-9999 -9999 -9999 -9999 -9999 -9999 -9999 -9999 -9999 -9999 -9999 -9999 -9999 -9999 17976 17911 17911 17911 17911 17911 17911 19276 17911 17911 17911 17911 17911 17911 17911 17911 17911 17911 17911 17243 17276 17276 17276 18000 18015 18000 3250 19281 19281 19281 19281 19281 19281 19281 19281 19281 19281 17911 17932 18000 17911 17911 19276 17262 19276 17339 3250 19276 17700 17700 17911 19276 19277 19277 19277 19277 17911 17911 19276 19275 3245 17217 19275 19284 19276 19277
-9999 -9999 -9999 -9999 -9999 -9999 -9999 -9999 -9999 -9999 -9999 -9999 -9999 -9999 19281 17911 17911 19276 17911 17911 17911 19276 17911 17911 19276 17911 17911 17911 19276 19276 3252 3252 17911 19276 17235 17242 17276 17276 18000 18015 17853 3250 19281 19281 19281 19281 19281 19281 18000 19281 19281 17911 17932 18000 17911 19276 19276 17276 19276 19276 3250 19276 19276 3250 17339 19276 19277 17911 17911 17911 17911 17911 17911 19276 19276 17217 19275 19284 19276 19276
-9999 -9999 -9999 -9999 -9999 -9999 -9999 -9999 -9999 -9999 -9999 -9999 -9999 -9999 17932 19276 19276 19276 17911 17911 17911 17911 17911 17911 17911 17911 17911 17911 19276 3252 3252 3252 19281 19281 17243 17235 17242 17276 17242 17911 17932 17853 19281 19281 19281 19281 19281 19281 19281 19281 18000 17911 18000 18000 19277 19277 19277 18000 17276 3250 3252 3252 3252 3250 3250 3250 19276 17911 17911 17911 17911 19276 17911 17911 19276 19276 19276 19276 17235 17262
-9999 -9999 -9999 -9999 -9999 -9999 -9999 -9999 -9999 -9999 -9999 -9999 -9999 -9999 19277 19276 17911 17911 17853 19276 19276 19277 17911 17911 17911 17911 3252 3252 3252 3252 3252 3252 19281 19281 19281 19281 17235 17242 17276 18000 17911 19276 18000 18000 19281 19281 19281 19281 17853 18000 18000 17911 18000 19281 18000 18000 18000 18000 17276 3250 3252 3252 3250 3250 3250 3250 3250 19276 17911 17911 17911 19276 19277 17911 17217 17217 17217 17217 19276 19284
-9999 -9999 -9999 -9999 -9999 -9999 -9999 -9999 -9999 -9999 -9999 -9999 -9999 19276 19276 19276 18015 19276 18015 17853 19276 17911 17911 19276 17911 3252 3252 3252 3252 3252 3252 3252 19281 19281 19281 19281 19281 17276 19276 17276 17932 17853 18000 19277 18000 19281 17932 17853 18000 18000 17911 17853 18000 18000 18000 18000 18000 19276 17276 3252 3252 3252 3250 3250 3250 3250 3250 3250 19276 19276 19276 19276 19277 19277 17911 17217 17217 17217 19276 19276
-9999 -9999 -9999 -9999 -9999 -9999 -9999 -9999 -9999 -9999 -9999 17911 17911 19276 19276 17911 17911 17911 17911 19276 17853 19276 19276 19276 3252 3252 3252 3252 3252 3252 3252 19281 19281 19281 19281 19281 19281 17276 17235 17276 17853 17911 18000 18000 18000 18000 17911 17911 17911 17911 17932 17911 17911 17911 17911 19276 19276 19276 17276 17276 13547 19277 3250 3252 3252 3250 3250 3250 3250 19276 3250 19277 17911 17911 17911 19276 19276 19276 19277 19276
-9999 -9999 -9999 -9999 -9999 -9999 -9999 -9999 -9999 17911 17911 17911 17911 17911 17853 17853 17911 17911 17911 17911 17911 19276 17911 17911 19282 3252 3252 3250 3252 3252 19282 19282 3252 17911 17911 17911 17911 17276 17242 17276 17853 17911 17948 17853 17853 18000 18000 18000 17911 19276 17911 17911 17911 19276 17911 17911 17911 17911 17911 17260 17285 19276 3252 3252 3252 3252 3250 3245 3250 17339 17339 17911 17911 17911 17204 17217 17204 19277 19277 19276
-9999 -9999 -9999 -9999 -9999 -9999 -9999 -9999 -9999 17911 17911 17911 17911 19276 19276 3127 19276 17911 17911 17911 17911 17911 17911 17911 17911 3252 3252 3252 3252 3252 3252 19282 17911 19276 19276 17911 17911 17911 19276 17276 17276 17932 17911 18015 17853 18000 18000 18000 17911 17911 17911 17911 17911 17932 17911 17911 17911 17911 17911 18000 17284 17285 19276 3252 3252 3252 3250 3245 3250 3250 3250 19276 17911 19276 17204 19284 17204 19277 19277 19284
-9999 -9999 -9999 -9999 -9999 -9999 -9999 -9999 -9999 17911 17911 17911 17911 19276 19276 3127 19276 19276 17911 17911 17911 17911 17911 17911 17932 3252 3252 19276 19276 19277 19277 17911 18015 17932 18007 17932 17911 17911 17911 17242 17276 19277 18000 17948 17948 17853 17911 17932 17876 19276 19281 17911 17911 17853 17932 17911 17911 17932 17911 17911 19276 17260 17260 19276 3250 3250 3250 19281 19282 3250 3250 19276 19277 17911 19277 19277 19277 19284 19284 19276
-9999 -9999 -9999 -9999 -9999 -9999 -9999 -9999 -9999 18000 17911 17911 17911 17911 17911 3127 19276 19276 17911 19276 17911 17911 18000 18000 17911 19276 19276 19276 17911 19277 19276 19276 18015 17932 17853 17911 17911 17911 17948 19276 17276 17853 17911 17911 17948 19276 17932 17911 17876 17876 17876 17911 17911 18000 18000 18000 17876 17932 17876 17876 19276 19276 17260 17260 13601 3250 3250 19282 3250 3250 19276 19276 19277 19277 17911 19277 19277 19284 17242 17217
-9999 -9999 -9999 -9999 -9999 -9999 3057 3057 3057 3051 17911 17911 19276 19276 17911 3127 3127 19276 19276 19277 17911 17911 18000 18000 3075 3075 18038 3227 3227 3227 3075 3250 17911 19276 19276 17932 17911 3252 17911 19276 17242 17948 17911 17911 17911 17948 17853 17911 17911 17932 17876 17932 17911 17853 18000 18000 17932 17876 17876 17876 17932 17932 19276 17260 17242 3250 3250 3250 3250 3250 19276 19276 19276 19277 19276 19276 19277 19284 2760 19276
-9999 -9999 -9999 -9999 -9999 -9999 3047 3051 3057 3051 3051 3051 3127 3127 3127 3080 18049 3127 17911 17911 17911 3075 18000 18000 3075 3075 18038 18038 3075 3075 3075 18038 3156 3156 3156 18000 18000 19277 3252 3252 17276 19277 19276 19276 17911 17948 17853 17932 17911 17932 17932 17876 17876 17853 17853 18000 17876 19276 17932 17876 17876 17876 17243 17932 17242 17700 19284 3250 3250 3250 3250 19276 17911 17911 19281 17911 19276 19276 19277 19277
-9999 -9999 -9999 -9999 -9999 -9999 3047 3047 3047 3051 3057 3057 3057 3241 3080 3080 3080 18049 3127 18049 3075 3075 3075 3127 3075 3075 3075 18038 18038 3075 3075 18038 3156 3127 3127 18000 18000 18000 19276 19276 19277 19276 19275 19276 17876 17876 17948 17932 17932 17932 17911 17876 17876 19276 17853 17876 17876 17876 17876 17876 17932 17932 19276 17932 19276 19276 17339 3250 3250 3250 17339 19276 17911 17911 17911 17911 19276 19276 19277 17217
-9999 -9999 -9999 -9999 -9999 -9999 -9999 3047 3047 3047 3047 3047 3047 3057 3080 3080 3127 3080 18049 18049 3075 3075 3075 3075 3075 3075 3075 18038 18038 3075 3075 3075 3127 3127 3156 18000 18000 18000 18000 19276 19276 19277 3227 19276 17876 17876 17876 17948 17932 17911 17911 17932 17876 17853 17853 17876 17876 17876 17876 17876 17876 19276 19276 19277 17932 17242 17700 3250 3250 3250 3250 19276 19276 17911 17911 17911 17911 19276 19276 19276
-9999 -9999 -9999 -9999 -9999 -9999 -9999 -9999 -9999 3047 3047 3057 3047 3057 3080 18049 3080 3075 18049 18049 3075 3075 3075 3075 3156 3075 3075 3075 3075 3127 3127 3127 3127 3127 3127 18000 18000 18000 18000 18000 17911 17242 3227 17339 17876 17876 17911 17948 17948 17876 17876 17876 17876 17853 17932 17876 17876 17876 17876 17876 17876 17932 17243 18000 17932 17242 17700 17339 3250 3250 17700 17339 19276 17911 17911 19276 17217 17217 17217 17217
-9999 -9999 -9999 -9999 -9999 -9999 -9999 -9999 -9999 3069 3069 3057 3057 3057 3080 3080 3075 3075 3075 3075 3075 3075 3075 3075 3075 3127 3075 3075 3127 3127 3127 3127 3127 3127 3127 3156 18000 18000 18000 18000 17911 17853 3227 17339 17339 17876 17932 17876 17948 17876 17876 17932 17876 17853 17932 17932 17876 17876 17876 17876 17876 17932 17932 18000 18000 19276 19276 17339 17700 17700 17700 17700 17339 17911 17911 17911 17217 17217 17217 17204
-9999 -9999 -9999 -9999 -9999 -9999 -9999 -9999 -9999 3069 3057 3057 3062 3062 3080 3080 3080 3075 3075 3075 3075 3075 3127 3075 3127 3127 3075 3127 3168 3127 3127 3127 3127 3127 3127 3127 18000 18000 18015 3127 17911 19276 19276 17339 17700 17876 17853 17876 17948 17876 17948 17876 17876 18000 18000 17876 17876 17876 17876 17876 17876 17932 17932 18000 18000 18000 18000 17339 17700 17700 17339 17700 17339 19276 17911 17911 17911 17217 2760 17195
-9999 -9999 -9999 -9999 -9999 -9999 -9999 -9999 -9999 3069 3069 3057 3057 3062 3080 3080 3075 3075 3075 3080 3075 3127 3168 3127 3246 3127 3127 3168 3127 3127 3127 3127 19284 3127 3127 3127 3127 3127 3127 3127 3127 17911 17242 17339 17700 17700 17876 17911 17932 17932 17876 17876 17827 17853 18000 17853 17876 17932 17932 17932 17876 17932 17932 17932 18000 18000 18000 19276 17339 17700 13547 13547 17339 17339 19276 17911 17911 19276 19277 2760
-9999 -9999 -9999 -9999 -9999 -9999 -9999 -9999 -9999 -9999 3057 3057 3069 3062 3062 3080 3080 3075 3075 3075 3127 18049 3127 3168 3127 3127 3127 3127 3127 3127 3127 3127 3127 3127 3127 3127 3127 3127 3127 3246 3062 3062 19276 17339 17700 17700 18000 17853 17932 17932 17876 17876 17876 17876 17853 18000 17932 17932 17932 17932 17876 17932 17853 18000 18000 18000 18000 17853 18000 17339 17700 13547 13547 13547 17339 19276 19276 19276 19276 19276
-9999 -9999 -9999 -9999 -9999 -9999 -9999 -9999 -9999 -9999 3057 3069 3069 3057 3062 3057 3080 3075 3075 3127 3168 18049 3168 3075 3168 3127 3127 3127 3127 3127 3127 3127 3127 3127 3127 3127 3127 3127 3127 3127 3062 3062 3227 3051 17700 17700 17876 18000 17932 17932 17876 17876 17932 17876 17876 17853 17876 17932 17932 18000 17932 17932 17853 18000 18000 18000 17932 17853 18000 17911 17339 17700 13547 17700 13547 17700 17911 17339 17339 19276
-9999 -9999 -9999 -9999 -9999 -9999 -9999 -9999 -9999 -9999 3057 3069 3057 3057 3057 3062 3080 18049 3075 18049 3127 3127 3127 3168 3168 3127 3127 3127 3127 3201 3127 3127 3127 3127 3127 3127 3127 3127 3127 3127 3069 3062 3051 3051 17700 17700 17700 17876 18000 18000 17876 17876 17932 17876 17876 17853 18000 17932 17932 17932 17932 17876 17853 18000 17932 17853 17242 17932 18000 17911 17339 17339 17700 17700 17700 17700 17700 17700 17339 19276
-9999 -9999 -9999 -9999 -9999 -9999 -9999 -9999 -9999 -9999 -9999 -9999 -9999 -9999 -9999 -9999 3080 3080 3075 3127 3127 3127 3168 3168 3127 3127 3156 3127 3127 3127 3127 3201 3127 3127 3127 3127 3127 3127 3127 3127 3062 3062 3062 3051 17339 17700 17700 17339 17876 18000 17853 17876 17876 17876 17876 17853 18000 17932 17932 17932 17876 18010 18000 18000 17932 17243 17853 17932 17932 17853 17932 17911 17339 13547 17700 17700 17700 17700 17339 19276
-9999 -9999 -9999 -9999 -9999 -9999 -9999 -9999 -9999 -9999 -9999 -9999 -9999 -9999 -9999 -9999 3080 3080 3127 3127 3127 3168 3127 3127 3127 3127 3127 3127 3127 3127 3127 3127 3127 3127 3127 3127 3127 3127 3127 3069 3062 3062 3062 3051 17339 17339 17700 17339 17876 18000 17932 17932 17876 17876 17853 17932 17932 17932 17932 17853 17853 17932 18000 18000 17932 17853 17932 17853 17932 17932 18000 17911 17339 17700 17700 17700 17700 17700 17700 17339
-9999 -9999 -9999 -9999 -9999 -9999 -9999 -9999 -9999 -9999 -9999 -9999 -9999 -9999 -9999 -9999 -9999 3201 3127 3168 3127 3127 3127 3127 3127 3127 3127 3127 3127 3127 3201 3127 3127 3127 3127 3127 3127 3127 3127 3069 3062 3062 3051 3051 3051 17339 17339 17339 17339 17700 17932 17932 18015 18015 17932 17932 17932 17932 17853 18007 17853 17932 17932 17853 17242 17932 17932 17932 19281 17932 17932 17932 17339 17700 17700 17700 17700 17700 17700 19276
-9999 -9999 -9999 -9999 -9999 -9999 -9999 -9999 -9999 -9999 -9999 -9999 -9999 -9999 -9999 -9999 -9999 3168 3127 3127 3127 3127 3127 3127 3201 3127 3127 3127 3127 3127 3201 3127 3127 3127 3127 3127 3127 3127 3127 3069 3069 3062 3062 3051 3051 3047 3047 3047 18015 18015 18015 19284 3252 19276 19276 17932 17932 17853 17853 17932 17853 17932 18000 17932 17242 17853 17932 18000 17932 17932 17932 17932 18007 17339 17339 17700 17700 17700 17339 17911
-9999 -9999 -9999 -9999 -9999 -9999 -9999 -9999 -9999 -9999 -9999 -9999 -9999 -9999 -9999 -9999 -9999 3127 3127 3127 3127 3201 3201 3127 3127 3127 3127 3223 3223 3242 3201 3127 3127 3127 3127 3127 3127 3127 3127 3062 3156 3062 3062 3062 3051 3047 3047 3051 17339 18015 17339 17339 3252 19276 17876 17876 18015 17932 17932 17932 17932 17932 17932 17853 17242 17932 17932 17932 17932 18000 17932 17932 17932 18007 17339 17339 17700 17700 17700 17911
-9999 -9999 -9999 -9999 -9999 -9999 -9999 -9999 -9999 -9999 -9999 -9999 -9999 -9999 -9999 -9999 -9999 -9999 3241 3223 3223 3201 3223 3223 3127 3127 3223 3127 3127 3201 3127 3127 3127 3127 3127 3143 3127 3127 3127 3127 3069 3062 3062 3062 3062 3047 3047 3047 3051 17339 17339 17976 17876 17876 19284 18007 17976 17932 17932 17853 17853 17932 17932 17932 17276 19276 17932 17932 17932 17932 17932 17932 17932 17853 17932 18000 17700 17700 17700 17700
-9999 -9999 -9999 -9999 -9999 -9999 -9999 -9999 -9999 -9999 -9999 -9999 -9999 -9999 -9999 -9999 -9999 -9999 -9999 3223 3223 3201 3223 3201 3201 3201 3201 3127 3201 3201 3127 3127 3127 3127 3127 3143 3127 3127 3127 3127 3156 3156 3062 3062 3062 3062 3051 3051 3051 17339 17339 17911 17876 17876 18010 17976 17853 17876 17853 17853 17932 17932 17932 19276 17276 17276 17932 17911 19276 17932 17932 17932 18007 17853 17932 18000 18000 17700 17700 17911
-9999 -9999 -9999 -9999 -9999 -9999 -9999 -9999 -9999 -9999 -9999 -9999 -9999 -9999 -9999 -9999 -9999 -9999 -9999 3223 3223 3201 3201 3223 3223 3201 3201 3201 3127 3127 3127 3127 3127 3127 3127 3127 3127 3127 3127 3127 3127 3156 3227 3062 3069 3051 3051 3047 3051 18015 18015 18015 18007 19276 18010 17932 17853 17876 18000 17932 17932 17932 19276 19276 17276 17276 17911 17911 17932 17932 17932 18007 17853 17932 18007 18000 18000 17700 17700 17700
-9999 -9999 -9999 -9999 -9999 -9999 -9999 -9999 -9999 -9999 -9999 -9999 -9999 -9999 -9999 -9999 -9999 -9999 -9999 3223 3223 3223 3223 3201 3201 3223 3201 3201 3127 3127 3127 3127 3127 3127 3127 3127 3127 19284 3127 3127 3127 3127 3062 3062 3062 3062 3051 3051 3047 3051 18015 18015 18015 18007 17339 17700 13601 17853 17853 17932 17853 17853 19276 17853 19277 17276 17276 17932 17932 17932 17932 17932 17932 18007 17853 18007 18007 17932 17700 17700
-9999 -9999 -9999 -9999 -9999 -9999 -9999 -9999 -9999 -9999 -9999 -9999 -9999 -9999 -9999 -9999 -9999 -9999 -9999 3223 3223 3223 3223 3223 3223 3223 3201 3127 3127 3127 3127 3127 3127 3127 3127 3127 19284 19284 19284 3127 3127 3127 3062 3062 3062 3062 3062 3051 3051 3047 3051 3051 3051 19276 17339 17339 17932 18000 17853 17853 18000 18000 18000 17853 19277 17242 17932 17876 17932 19276 17932 17932 17932 17932 18000 18007 18007 19276 17339 17700
-9999 -9999 -9999 -9999 -9999 -9999 -9999 -9999 -9999 -9999 -9999 -9999 -9999 -9999 -9999 -9999 -9999 -9999 -9999 3223 3223 -9999 -9999 3201 3201 3223 3127 3127 3127 3127 3127 3127 3127 3127 3127 19284 19284 3127 3127 3127 3143 3127 3062 3062 3062 3062 3051 3051 3062 3062 3062 3047 3051 3051 17700 17339 19276 3156 3156 3201 3201 18000 3185 17853 17242 17242 17932 17876 17853 17853 17932 17876 19276 17932 17932 18007 17876 17911 17876 17339
