EPSG_25832/clc_buek_grid_profile_25832_general.asc
ncols        641
nrows        866
xllcorner    280356.848233341298
yllcorner    5235360.556800000370
cellsize     1000.000000000000
NODATA_value -9999
[rows 455 to 489 of 866, columns 480 to 559 of 641]
12565 12565 12565 12583 19276 12583 12582 19276 12582 12582 12582 12582 12561 12485 12618 12585 12585 12584 12584 12584 12584 12486 12486 12584 12584 12567 12567 12567 12567 12567 12585 12567 12626 12626 12615 12627 12633 12617 12633 12615 12633 12633 12622 12626 12617 12622 12615 12615 12486 12486 12626 12626 12617 12623 12617 12626 12617 12617 12622 12615 12633 12617 12617 12617 12617 12615 12623 12615 12615 12627 12627 12627 12619 12626 12626 12626 12617 12617 12607 12607
12571 12561 12582 12583 19276 12582 19277 12586 19276 12582 12582 12582 19276 12484 12585 12582 19276 12580 12584 12599 12599 19276 12486 12585 12584 12567 12583 12583 12585 12585 12567 12567 12622 12615 12627 12615 12617 12617 12633 12617 12626 12615 12626 12626 19277 12622 12615 12615 12615 19276 12627 12615 12617 12623 12627 12617 12617 12617 19276 12615 12623 12633 12617 12615 12626 12623 12623 19276 12625 12631 12627 12627 12627 12617 12617 12614 12617 12633 12615 12622
12582 12586 19276 12586 12586 12582 19276 19276 12582 12586 12582 19276 12582 12484 12485 12485 19276 19276 12584 12560 12584 12486 12585 12617 12584 12566 12585 12625 12625 12625 12567 12622 12626 12615 12615 12627 12627 12617 12627 12615 12626 12622 12622 19276 12622 12622 12622 12622 12615 12615 12615 12615 12626 12617 12623 12627 12617 12615 12626 12615 12615 12623 12625 12615 12626 12623 12615 12626 12625 12625 12627 12625 12634 12634 12634 19276 12633 12615 12615 12622
12582 12582 12582 19276 12582 12586 12561 12582 19277 12582 12582 19276 12568 19276 19276 12560 12566 12636 19276 12560 12584 12584 19276 19276 12486 19276 12585 12566 12585 12625 12625 12622 12626 19276 12615 12615 12615 12615 12627 12615 12633 12622 12622 19276 12626 12485 12615 12615 12615 12629 12629 12615 12626 12617 12617 12623 12633 12615 12615 12623 12623 12623 12633 12625 12626 12623 12627 12615 12625 12625 12625 12625 12614 12622 12622 12607 12615 12615 12615 12617
12486 12582 12582 19276 12561 19276 12582 12586 12586 12582 19277 19277 12636 19276 19277 19277 12636 19277 12636 12636 12570 19276 12570 12625 12625 12625 19276 12486 12585 12625 12625 12622 12617 12617 12617 12615 12617 12617 12615 12615 12626 12617 12617 12626 12485 12485 12615 12615 12615 12486 12615 12615 12615 12626 12615 12626 12626 12622 12615 12615 12627 12627 12633 12633 12623 12615 12615 12615 19276 12625 12625 12625 12614 12626 12615 12633 12617 12615 12615 12615
12583 12583 12582 19276 19276 19276 19276 12568 12568 12582 12585 12636 19276 19276 19276 19277 19277 19276 12636 12566 12566 12583 12570 12625 12625 12625 19276 12622 12614 12486 12486 12486 12617 12615 12626 12626 12617 12626 12627 12627 12617 12617 12615 12633 12627 12626 12615 12615 12486 12486 12617 12615 12615 12615 12622 12626 12626 12615 12625 12629 12627 12623 12623 19284 12615 12615 12627 12631 12633 12625 12625 12625 12627 12626 12627 12633 12617 12617 12606 12615
12575 19276 19276 12599 12599 19276 19277 12568 12582 12568 12568 12585 19277 19276 19276 19276 19275 19276 12636 12584 12584 12584 19276 12585 12620 12620 12486 12625 12616 12622 12615 12617 12617 12617 12626 12615 12617 12617 12615 12617 12615 12615 12615 12627 12627 12627 19276 12486 12622 12615 12486 12617 12615 12615 12615 12622 12626 12615 12615 12629 12629 12627 12633 12633 12615 12629 12631 12625 12633 12625 12625 12625 12625 12626 12627 12633 12633 12633 12615 12615
12575 12582 12582 12599 12582 19276 12568 12582 12568 12568 19276 19276 19276 19276 19276 19276 19276 19276 19276 12636 12584 12585 12585 12616 12620 12620 12620 12625 12622 12622 12486 12633 12615 12633 12626 12615 12617 12615 12615 12615 12627 12615 12615 12615 12627 12627 12615 12622 12615 12615 12615 12486 12617 12627 12627 19276 12623 12629 12627 12627 20101 12627 12615 12614 12623 12623 12625 12625 12615 12625 12625 12625 12625 12626 12625 12625 12615 19276 12607 12615
19276 12561 12615 12615 12585 12622 12615 12622 19276 19276 12584 19277 12636 19276 19276 19276 19276 19276 19276 12584 12585 12567 12627 12627 12620 12622 19276 12625 12617 12617 19276 12615 12633 12633 12633 12633 12626 12626 12626 12615 12615 12615 12626 12627 12629 19284 12627 12615 12615 19276 19276 12486 12633 19284 12614 12623 12623 12623 12623 19276 12626 12615 12615 12614 12615 12623 12623 12614 12625 12621 12625 12625 12625 12625 12625 12631 12627 12615 12622 12615
12615 12620 12620 12620 12580 12615 12585 12580 12580 19276 19276 12584 19276 19277 19276 19277 19277 19276 19276 19276 19276 12627 12633 12633 12620 12622 12622 12633 19276 12617 12626 12615 12617 12617 12617 12633 12633 12617 12617 12622 12622 12617 12626 12627 19276 12615 12627 12615 12615 12615 12622 12622 12633 12633 12633 12627 12615 12634 12634 12615 12626 12627 12627 12627 12614 12623 20101 12614 12625 12625 12621 12625 12625 12625 12625 12631 12614 12627 12634 19276
12585 12622 12622 12622 12580 19276 19276 19276 19276 19276 19277 19277 19276 19276 19276 19277 12636 19276 19276 19276 12627 12616 12622 12622 12633 12616 12606 12606 12617 12617 12626 12615 12622 19276 12622 12617 12617 19276 12622 12622 12622 12617 12626 12615 12615 12615 12631 12615 12615 12615 12633 12633 12622 12633 12633 12617 12627 12634 12634 12634 12615 12615 12627 12627 12614 12634 12616 12615 12627 12625 12629 12621 12625 12625 12629 12629 12629 12634 12615 12615
19276 19276 19276 19276 19277 12583 12583 19276 12584 12560 12584 19277 12570 19276 19276 19277 19277 19276 19276 12617 12627 12617 12617 12633 12616 12607 12607 12617 12607 12626 12623 12617 12633 12622 12617 12626 12626 12622 12622 12622 19276 12622 12626 12622 12627 12615 12627 12615 12615 12615 12631 12633 12622 12617 12633 12617 12634 12634 12615 12615 12634 12634 12615 12614 12614 12616 12616 12625 12625 12621 12629 12629 12621 12625 12629 12629 12629 12623 12623 12627
19276 19276 19276 19276 12583 12583 12583 12584 12584 12584 12560 12570 12570 19276 19276 19277 19276 19276 19276 12485 12485 12627 12616 12627 12627 12615 12622 12607 12607 12607 12623 12617 12633 12622 12617 12631 12631 12617 12615 12615 12615 12615 12627 12615 12615 12615 12627 12627 12623 12629 12629 12615 12615 12617 12617 12617 12633 12617 12615 12615 12626 12615 12634 12614 12614 12616 12629 12629 12615 12631 12631 12621 12631 12631 12625 12629 12629 19276 12627 12615
12570 12570 19276 19276 12584 12584 12560 12560 12560 12560 12584 19276 19276 19276 19276 12636 12617 12617 12622 12485 12616 12633 12616 12623 12623 12615 12622 19276 12633 12615 12633 12615 12622 12615 19276 12631 12631 12631 12615 12615 12615 12615 12615 12615 12629 12629 12627 12617 12623 12615 12615 12631 12617 12622 12617 12617 12617 12622 12622 12617 12615 12615 12634 12614 12631 12616 12629 12631 12615 12631 12631 12631 12625 12607 12625 12625 12625 12629 12629 12615
19276 19276 12584 12598 12570 12584 12570 12583 12583 12570 12570 12584 19276 19276 19276 12485 12622 12622 12616 19276 19276 12633 12627 12623 12617 12617 12615 12615 12615 12615 12633 12622 12622 12633 12615 12631 12631 12615 12615 12615 12627 12615 12615 12615 12629 12615 12615 12627 12617 12627 12615 12627 12615 12617 12622 12617 12617 12617 12633 12627 12627 12626 12614 12614 12614 12631 12616 12616 12625 12625 12631 12620 12620 12625 12631 12629 12607 12625 12629 12627
12583 12582 12560 12560 12584 12584 12583 12583 19276 12583 12570 12485 12481 12485 12484 12622 12616 19276 12626 12626 12633 12627 12616 19276 19276 12622 19276 12615 12615 12615 12615 12626 12633 12633 12617 12633 12631 12631 12615 12615 12615 12615 12615 12620 12620 12629 12615 12615 12617 12617 12615 12615 12622 12626 12617 12626 12617 12617 12617 12633 12615 12615 12614 12614 12614 12614 12631 12615 12625 12625 12625 12620 12624 12631 12607 12629 12629 12631 12615 12629
12583 12570 12582 12582 12560 12584 12570 12570 12583 12583 12484 19276 12582 12622 12622 12622 12623 12623 12626 12607 12616 19276 12615 12615 12622 12626 19276 19276 12617 12617 12627 12615 12633 12615 12622 12633 12622 12622 12622 12633 12633 12615 12615 12620 12627 12629 12615 12615 12615 12617 12627 12631 12631 12617 12626 12615 12627 12617 12617 12624 12624 12615 12615 12615 12614 12614 12624 12624 12631 12625 12620 12620 12624 12635 12635 -9999 -9999 -9999 -9999 -9999
12584 19276 12559 12559 12584 12485 12485 12485 12481 12484 12582 12617 12617 12623 12622 12623 12623 12616 12616 12607 12633 12627 12627 12615 12617 12617 19276 12615 12627 12615 12627 12634 12634 12634 12622 12633 12615 12633 19284 12633 12615 12615 12627 20102 12627 12615 12615 12615 12615 12627 12631 12631 12617 12617 12615 12631 12627 12615 12615 12624 12624 12624 12621 12615 12614 12621 12624 -9999 -9999 -9999 12620 12631 12631 -9999 -9999 -9999 -9999 -9999 -9999 -9999
12570 12570 19276 19276 19276 12485 12485 12582 12485 12485 12617 12617 12616 12616 12623 12623 19276 12616 12623 12620 12633 12627 12622 12622 12633 12633 12607 12607 12617 12627 12617 12631 12634 12620 12615 12622 12633 12633 12615 12633 12615 12615 12615 12633 12633 12633 12626 12626 12626 12617 12629 12626 12626 12626 12619 12631 12615 12615 12615 12634 12621 12621 12621 12614 12631 12621 -9999 -9999 -9999 -9999 -9999 -9999 -9999 -9999 -9999 -9999 -9999 -9999 -9999 -9999
12570 19276 12570 19276 19276 12582 12484 12616 12617 12620 12623 12623 12623 12616 12623 19276 12616 12620 12620 12623 12615 12615 12622 12622 12633 12633 12607 12607 12627 12617 12631 12631 12620 12620 12615 19276 12622 12607 19276 12615 12633 12615 12615 12633 12633 12629 12623 12623 12615 12617 12629 12623 12623 12623 12631 12627 12627 12615 12615 12615 12615 -9999 -9999 -9999 -9999 -9999 -9999 -9999 -9999 -9999 -9999 -9999 -9999 -9999 -9999 -9999 -9999 -9999 -9999 -9999
19276 19276 19277 19276 19276 12617 19276 12616 12620 12620 12620 12620 12617 19276 12616 12616 12616 12620 12616 12623 19276 12615 12615 12617 12622 12622 12607 12617 12615 12631 12631 12631 12631 12620 12627 12615 12634 19276 12615 12615 12615 12615 12623 12627 12629 12615 12623 12615 12615 12629 12615 12623 12627 12615 12633 12633 12627 12615 12627 12627 12624 -9999 -9999 -9999 -9999 -9999 -9999 -9999 -9999 -9999 -9999 -9999 -9999 -9999 -9999 -9999 -9999 -9999 -9999 -9999
12559 12584 12584 12582 12622 19276 19276 12617 12620 12620 12620 12617 12617 12616 12616 12620 12620 12620 12623 12616 12622 12622 12617 12617 12626 19276 12607 12617 12617 12615 12631 12631 12631 12620 12620 12620 12634 12615 12622 12633 12615 12633 12633 12615 12622 12615 12623 12615 12615 12629 12629 12615 12615 12615 12627 12633 12606 12607 12624 12624 12624 -9999 -9999 -9999 -9999 -9999 -9999 -9999 -9999 -9999 -9999 -9999 -9999 -9999 -9999 -9999 -9999 -9999 -9999 -9999
12559 12570 12582 19276 12617 19276 19276 12617 12620 12620 12623 19276 12633 12616 12620 12620 12620 12620 12616 12616 12633 12616 19276 12617 12617 12607 12633 12615 19276 12627 12631 12631 12631 12631 12627 12627 12607 12607 12607 12486 12633 12633 12633 12622 12634 12634 12634 12615 12615 12615 12627 12615 12607 12615 12615 12615 12615 12624 12624 12624 12624 -9999 -9999 -9999 -9999 -9999 -9999 -9999 -9999 -9999 -9999 -9999 -9999 -9999 -9999 -9999 -9999 -9999 -9999 -9999
12570 12622 19276 12617 12617 12622 12616 12620 12620 12620 19276 19276 12633 12633 12616 12627 12616 12620 12616 12633 12633 12607 12626 12617 12617 12607 12633 12617 12627 12615 12623 12631 12631 12615 12615 12615 12633 12607 12607 12622 12627 12606 12486 12622 12615 12634 12633 12633 12633 12627 12615 12627 12606 12606 12620 20102 12627 12624 12624 12624 12624 -9999 -9999 -9999 -9999 -9999 -9999 -9999 -9999 -9999 -9999 -9999 -9999 -9999 -9999 -9999 -9999 -9999 -9999 -9999
12570 12622 12616 12622 12622 19276 12616 12620 12616 19276 12633 12633 12633 12627 12616 12616 19276 12627 12616 12622 12622 12622 12615 12615 12617 12607 12633 12617 12617 12627 12623 12631 12631 12615 12623 12623 12615 12633 12607 12620 12627 12620 12627 12486 12487 19276 12633 12633 12633 12633 12633 12606 12606 12607 12607 12627 12627 12624 12624 12624 -9999 -9999 -9999 -9999 -9999 -9999 -9999 -9999 -9999 -9999 -9999 -9999 -9999 -9999 -9999 -9999 -9999 -9999 -9999 -9999
12626 12622 12616 12616 12617 12617 12616 12620 12616 12616 12633 12633 12633 12616 12616 12623 12616 12616 19276 12607 12622 12622 12615 12615 12627 12633 12633 12633 12627 12627 12615 12615 12615 12615 12623 12623 12623 12633 12615 12627 12627 12620 12620 12622 12622 19276 19276 12633 12633 12633 12633 12633 12627 12627 12627 12623 12620 12631 12620 12631 -9999 -9999 -9999 -9999 -9999 -9999 -9999 -9999 -9999 -9999 -9999 -9999 -9999 -9999 -9999 -9999 -9999 -9999 -9999 -9999
12626 12599 12616 12616 12616 12617 12616 12634 12634 12618 12627 12616 12627 12616 12623 12620 12620 12627 19276 12633 12633 12615 12627 12615 12633 12622 12606 12615 12627 12615 12635 12635 12615 19276 12615 12615 12633 12606 12606 12627 12627 12615 12627 12615 12634 12631 12617 19277 19276 19276 12633 12633 12633 12634 12615 12623 12631 12631 12620 12631 -9999 -9999 -9999 -9999 -9999 -9999 -9999 -9999 -9999 -9999 -9999 -9999 -9999 -9999 -9999 -9999 -9999 -9999 -9999 -9999
12626 12627 12616 12627 12616 12616 12631 12631 12618 12627 12627 12627 12631 12631 12631 12620 12620 12627 12621 12633 19276 12623 12623 12633 12615 12615 19276 12622 12615 12627 12627 12635 19276 19276 19276 12615 12633 12620 12607 12606 12627 20102 12631 12631 12624 12620 12620 12631 12624 -9999 12633 12634 12634 12634 12627 12615 12627 12629 12631 12631 -9999 -9999 -9999 -9999 -9999 -9999 -9999 -9999 -9999 -9999 -9999 -9999 -9999 -9999 -9999 -9999 -9999 -9999 -9999 -9999
12616 12616 12616 12627 12616 12616 12618 12631 12618 12618 12629 12629 12631 12631 12631 12631 12620 12621 12634 19276 19276 12631 12631 12627 12615 12615 12622 12633 12615 12627 12627 12615 12627 12629 12615 12627 19276 19276 12606 12607 12624 12624 12631 12624 12624 12620 12620 12624 12607 19276 -9999 12634 12634 12607 12627 12624 12635 12635 -9999 -9999 -9999 -9999 -9999 -9999 -9999 -9999 -9999 -9999 -9999 -9999 -9999 -9999 -9999 -9999 -9999 -9999 -9999 -9999 -9999 -9999
12626 12616 12616 12627 12616 12618 12623 12618 12618 12618 12629 12631 12631 12631 12624 12631 12609 12631 12634 12629 12615 12631 12607 12629 12627 12615 12615 12615 12607 12627 12615 12615 12615 12631 12631 12631 12631 12624 12624 12607 12624 12624 12624 12624 12620 12620 12631 12607 12607 -9999 -9999 12634 12607 12624 12624 12624 12627 12627 -9999 -9999 -9999 -9999 -9999 -9999 -9999 -9999 -9999 -9999 -9999 -9999 -9999 -9999 -9999 -9999 -9999 -9999 -9999 -9999 -9999 -9999
12644 12616 12627 12627 19276 12618 12623 12627 19276 19276 20102 12620 12631 12624 12631 12631 19276 19276 12634 12615 12629 12615 12615 12615 12606 12607 12606 12615 12606 12606 12615 12615 12623 12631 12631 12631 12631 12624 12624 12633 12620 12631 12635 12631 12631 12631 12620 12634 12634 -9999 -9999 -9999 12634 12627 12615 12615 12634 -9999 -9999 -9999 -9999 -9999 -9999 -9999 -9999 -9999 -9999 -9999 -9999 -9999 -9999 -9999 -9999 -9999 -9999 -9999 -9999 -9999 -9999 -9999
12620 12616 12618 19276 12618 12618 12618 12618 12627 12616 12627 12620 12620 12620 12631 12631 12615 19276 12615 12634 12615 19276 12615 12615 12606 12607 12606 12615 12606 12606 12633 12623 12623 12631 12631 12631 12624 12624 12624 12624 12620 12620 12620 12631 12615 12620 12634 -9999 -9999 -9999 -9999 -9999 -9999 -9999 -9999 12615 -9999 -9999 -9999 -9999 -9999 -9999 -9999 -9999 -9999 -9999 -9999 -9999 -9999 -9999 -9999 -9999 -9999 -9999 -9999 -9999 -9999 -9999 -9999 -9999
12633 12618 19276 19276 12616 12616 12627 12616 12627 12616 12627 12620 12620 12631 12624 12631 12615 12631 12615 12486 12615 12615 12615 12627 12627 12615 12633 12615 12623 12615 12607 12607 12631 12631 12620 12620 12624 12631 12631 12631 12624 12631 12620 12629 12615 12615 -9999 -9999 -9999 -9999 -9999 -9999 -9999 -9999 -9999 -9999 -9999 -9999 -9999 -9999 -9999 -9999 -9999 -9999 -9999 -9999 -9999 -9999 -9999 -9999 -9999 -9999 -9999 -9999 -9999 -9999 -9999 -9999 -9999 -9999
19276 12633 12633 12633 12616 12624 12631 12631 12631 12631 12624 12624 12620 12620 12631 12624 12620 12620 12615 12631 12615 12631 12615 19276 12615 12615 12615 19276 12623 12615 12615 12607 12631 12631 12631 12631 12624 12631 12631 12629 12629 12631 12615 12629 12615 12615 -9999 -9999 -9999 -9999 -9999 -9999 -9999 -9999 -9999 -9999 -9999 -9999 -9999 -9999 -9999 -9999 -9999 -9999 -9999 -9999 -9999 -9999 -9999 -9999 -9999 -9999 -9999 -9999 -9999 -9999 -9999 -9999 -9999 -9999
12620 19276 12633 12633 12624 12624 12631 12631 12631 12631 12631 12624 12616 12631 12635 12624 12615 12615 12615 12615 12615 12615 12615 19276 12627 12615 12615 12615 12615 12623 12615 12615 12606 12631 12620 12631 12624 12635 12631 12629 -9999 -9999 12615 12615 12627 12627 -9999 -9999 -9999 -9999 -9999 -9999 -9999 -9999 -9999 -9999 -9999 -9999 -9999 -9999 -9999 -9999 -9999 -9999 -9999 -9999 -9999 -9999 -9999 -9999 -9999 -9999 -9999 -9999 -9999 -9999 -9999 -9999 -9999 -9999
