EPSG_25832/clc_buek_grid_profile_25832_23.asc
ncols        641
nrows        866
xllcorner    280356.848233341298
yllcorner    5235360.556800000370
cellsize     1000.000000000000
NODATA_value -9999
[rows 420 to 454 of 866, columns 400 to 479 of 641]
15233 15253 15125 14924 14924 14924 14924 14773 14773 14773 14773 14773 14773 14773 14773 14773 15149 15149 15149 15149 15149 15131 15294 15149 15131 15131 15131 15131 15131 15131 14924 14716 15138 15131 15131 15131 15131 14749 14749 14749 14749 15155 14749 15155 15155 15193 15193 15193 19284 19284 19284 14961 15193 15291 15291 15291 19284 15291 15291 19284 19284 19284 15193 15193 15193 15193 15193 15193 15193 15198 15164 15164 15164 15164 15193 16898 16577 16892 16898 16921
15253 15125 15241 15205 15131 15131 14924 15233 14773 14773 14773 14773 14773 14773 14773 15125 15253 15151 15149 15149 15149 15149 15149 15149 15149 15131 15131 15131 15131 15131 14924 15205 14716 15131 15131 15131 15131 15131 15151 15151 15151 15151 14749 14749 15155 15193 15193 15193 19284 14924 14961 14961 15193 19284 15291 15291 15291 15291 15291 19284 15164 14945 14945 15193 15193 15193 15193 15193 15193 15193 15164 15164 15164 15167 15193 15193 16886 16892 16898 16885
15253 15253 15253 15253 15131 15131 14924 15233 15227 15227 14773 14773 14773 15253 15253 19282 15257 15151 15151 15149 15149 15149 15125 15149 15125 15131 15131 19276 14924 15138 14749 14749 14749 15205 15205 15131 15131 15131 15131 15151 15151 14749 15131 15193 15193 15193 15193 15193 15193 14924 14924 14961 15193 15193 15291 15291 15167 15291 15291 15291 15021 15193 15021 14945 14945 15164 15164 15164 15164 15167 15164 15213 15167 15193 15193 15193 16898 16903 16898 16883
15253 15241 15241 15253 15253 15131 14924 14924 14924 15227 15227 15227 19276 19276 15151 15257 15257 15257 15149 15149 15149 15205 15125 15125 15125 14924 19276 19277 14924 15138 14716 14749 19281 15151 15151 15205 15131 15131 15131 15131 15131 15131 15131 15131 15193 15193 15193 15193 15193 14924 14924 15193 15193 15193 15291 15291 15193 14924 19276 15291 15291 15021 15021 15021 15164 15193 10987 10987 15193 10992 10987 10987 11002 10987 10987 10992 12533 12546 12530 12550
15253 15241 15242 15242 15131 15131 15229 15229 14924 14924 14924 14924 14924 15227 15227 15233 15233 15151 15131 15131 15205 15205 15131 14924 14924 14924 14924 14924 19276 15151 15151 15151 15131 15131 15131 15205 15131 15131 15131 15131 15131 15131 15131 15131 15131 15131 15131 10957 10931 10931 10931 10987 10987 19277 19277 11241 10987 10931 19276 10979 10968 10979 10987 10987 11241 11241 10987 10987 10992 10992 10979 10979 10992 10992 10992 10992 12546 12546 12550 12532
15205 15229 15229 15229 15229 15253 15121 15253 15121 15121 15253 15229 15229 14924 15233 15131 15151 15151 15131 15205 15131 15131 15131 10931 10954 19276 19276 19276 19276 10964 19277 10957 10957 10957 10994 10957 10957 10994 10957 10957 10957 10957 10957 11246 11246 11249 11249 10957 10931 10931 10979 10979 10978 10979 10979 10987 10987 10931 11241 10979 10979 10979 10979 10987 10987 11241 10979 10979 10987 10987 10992 10992 10992 10992 10992 10979 12532 12530 12546 12546
11091 11140 11140 11140 11140 10950 11089 11140 11140 11140 11095 11096 11096 10931 10931 10994 11042 11042 11042 11042 10931 10931 10931 10931 10954 10954 19276 19276 19277 10957 19277 10957 10957 10994 10957 10957 11246 11246 10994 10957 11241 19281 11249 11249 11246 11249 10957 10957 10931 10931 10979 19281 19281 19281 10974 10987 11241 11241 11241 19284 19284 19284 19284 10987 10992 10992 10979 10987 10987 10987 10987 10979 10979 10992 10992 10979 12541 12541 12550 12550
11133 11140 11140 11140 11140 11140 11140 11140 11095 11095 10994 11095 11096 11089 10931 11100 11042 11042 11042 10931 10931 10931 10931 11042 10964 10964 19276 10954 10957 10957 10957 10957 10957 10957 10957 10957 11246 11246 11246 10957 19281 19281 19281 19281 19281 11246 19276 10931 10931 10979 10978 10978 11241 11241 10987 10987 10979 11241 11241 11002 19284 19284 10979 19284 10979 10992 10987 10979 10979 10992 10992 10969 10992 10987 10987 10992 12541 12541 12546 12532
11135 11135 11140 11140 11140 11140 11140 11140 11095 10994 11095 10964 11091 11091 10931 10931 10931 11042 11042 10931 11100 11105 11042 10957 10957 10957 10957 10957 10964 10957 10957 10957 10957 10957 10957 10994 11246 11246 11246 11246 19281 19281 19281 19281 19281 11246 19276 10931 10931 11073 10979 11251 11241 11241 10987 10987 10987 10987 10987 11251 11002 10931 10931 19284 10979 10979 11073 10992 10992 10987 10987 10987 10987 10987 10987 10987 12550 12546 12532 12546
11042 11042 10994 11119 11140 11140 11095 10964 11140 11095 11140 10964 10964 10931 10931 10931 10931 10931 10931 10931 11100 11042 11042 11042 10957 10957 10957 10957 10957 10957 10957 10957 10957 10957 10957 10994 19276 10957 10957 11246 19281 19281 19281 19281 19281 10957 10931 10931 10979 10979 11073 10968 11251 11251 10987 10987 19281 10987 10987 11241 10931 11241 19284 19284 10987 10987 10992 10979 10987 10987 10987 11002 11002 10987 10987 10987 12550 12541 12546 12546
11135 11127 11140 11140 10994 10994 11095 10994 10964 11140 11140 11089 10931 10931 10931 11052 11052 11052 10931 10931 11100 11042 10964 10964 10957 10957 10957 10957 10957 10957 10957 10957 10957 10957 10957 10957 10957 11246 11246 11246 10957 10957 19281 19281 11249 10957 10931 10931 10979 10979 10979 10979 10987 10987 10987 10987 10987 10987 10987 10931 10931 10979 11240 19284 19276 10987 11251 19284 10987 10987 11073 10987 10987 10987 10987 10992 12550 12541 12541 12541
11135 11135 11096 11140 11140 11140 11140 11140 11140 11091 10931 10931 10931 11091 19276 19276 19276 19277 10964 11073 11042 11042 10964 10964 10964 10964 10957 10957 10957 10957 10957 10957 10957 10957 10957 10994 11246 11246 11246 11246 10957 19281 19281 11235 10957 10931 10931 10931 10979 10968 10968 10979 11073 11251 10987 19281 19281 19281 19281 11251 11252 11240 10978 10987 10987 10987 11251 11251 10987 10992 11073 10979 10987 10992 10992 10992 12546 12546 12562 12546
11140 11096 11095 10964 10964 10964 10964 10964 10964 10931 10931 10964 11091 11095 11095 10964 11052 11095 11100 11073 11073 11073 11073 11073 10957 10957 10957 10957 10957 10957 10957 10957 10957 10994 10957 11246 11246 11246 11245 11246 19281 19281 19281 19277 10931 10931 10931 10968 10968 10968 10968 10979 11073 11251 11252 19281 19281 19281 19281 11252 19284 19284 11252 10987 11073 11235 11241 11241 10987 10987 10987 10987 10979 10992 10992 10992 12550 12550 12546 12546
11095 10964 10964 10964 10964 10964 10964 11140 11095 10931 19276 11091 11054 10964 10964 11091 11052 11095 11095 11073 11100 11048 10964 10964 10957 10962 10957 10957 10957 10957 10994 10994 10994 10957 10957 11246 11246 11246 11245 11245 19281 19281 19281 19276 10931 10931 10931 10968 10968 10979 10968 19284 10979 11251 11251 19281 10979 19281 19281 19276 19284 19284 11240 11240 10987 10987 11241 11241 10987 11002 10987 10979 10992 10987 10992 10987 12550 12546 12546 12530
10964 10964 10964 10964 10964 10964 10964 11095 11095 10931 11091 11089 11089 11054 10964 11095 11089 11095 11095 11073 11048 11048 11048 10964 19276 10962 10962 10957 10957 10957 11048 11048 11048 10957 10957 10957 11246 11246 11246 11246 19281 19281 19281 10931 10931 10931 10968 10968 10968 10968 10986 19284 19284 11073 11251 19281 19281 11241 11241 11240 19284 19284 11240 11240 11240 10992 10987 10987 11241 10979 10979 10992 11073 10992 10987 10987 12550 12546 12550 12550
11089 11089 10964 10964 11089 11089 11089 10931 10931 10931 11089 11089 11089 11054 11095 11089 11089 11095 11095 11073 11048 10964 11048 11048 10964 10962 10962 10957 10962 10962 11048 11048 11048 10957 10957 10957 10957 11246 11246 11246 19281 19281 10931 10931 10931 10931 10968 10968 10968 10987 10979 10986 19276 19276 11251 11251 10970 11241 11241 10987 11251 19284 11240 11240 11241 10992 11073 10987 11241 10979 10992 10970 11073 10987 10992 10992 12550 12550 12546 12566
11022 11022 11089 11089 11089 10931 10931 11011 11089 11095 11054 11054 11054 11089 11052 11089 11066 11140 11073 11114 11048 11048 11048 11054 10964 10962 10962 10962 10962 11054 11048 11048 11048 11048 19276 10957 10957 11002 10957 11002 19281 10980 10931 10931 10931 10987 10987 10968 10968 11252 10987 10987 19276 10970 10970 11073 11073 19284 11241 10987 10931 10931 11251 11240 11240 10992 11073 10987 10987 10987 10992 10970 10992 10992 10987 10992 12546 12550 12584 12584
11022 11022 11022 11073 10931 11022 11022 10931 11089 11095 11054 11054 11054 11054 11054 11054 10964 10964 11073 11100 11048 11048 11048 11048 11048 11054 11054 10968 10968 11054 11002 11054 11052 11048 11007 10957 10957 19276 10980 10957 10980 10931 10931 10931 10987 10987 10968 10987 11251 11252 10987 11251 11241 11241 10973 11241 11073 19284 19284 11241 10987 10931 10979 11252 11240 10979 10979 10987 10970 10987 10987 10987 10987 10987 11048 11048 12546 12564 12575 12575
11022 11022 11027 10931 11080 11022 11080 11083 10931 11089 11095 11089 11089 11054 10964 11054 11054 11054 11140 11073 11108 11054 11002 11002 11002 11052 11054 11054 11054 11002 11054 11054 11002 11002 11007 10957 10957 10957 10980 10980 11052 10931 10931 10987 10987 10968 10968 10987 11072 11252 11251 11251 11241 11241 11241 11241 10979 10992 11241 11241 10987 10931 10987 10991 10991 10992 10979 10992 11073 19276 10987 10987 10970 10992 11048 11044 11048 12566 19276 12575
11022 11022 10931 11027 11022 11022 11022 11083 10931 11095 11095 11089 11089 10964 10964 11054 11095 11054 11054 11054 11073 11108 11054 11054 11054 11052 11002 11066 11054 11054 11054 11054 11054 11054 10964 11047 10957 10957 19276 11052 10931 10931 10994 10987 10987 10987 11251 11251 11251 11251 11252 11252 11241 11241 11073 11073 10979 10992 10992 10992 10987 10931 10987 10992 10991 10991 10992 10992 10992 11073 11048 11048 11048 11048 11048 11048 11073 12575 12575 12582
10931 11027 11022 11022 11022 11022 11022 11083 11083 11083 11089 11083 11089 10964 11054 10964 11095 11054 11054 11054 11073 11054 11054 11133 11054 11002 11052 11052 11054 11054 11054 11054 11133 11133 11048 11048 11002 10957 10931 10931 10931 11133 11052 11048 11054 11066 11246 19284 11251 11251 10979 11073 10945 10992 10992 10988 11241 10992 10992 10992 11054 10931 10931 10987 10987 10987 10987 10987 10970 10970 11048 11048 11054 11054 11054 11048 11048 12575 12575 12575
11022 11022 11022 11022 11022 11022 11022 11022 11083 10931 11089 11089 10964 10964 10964 11054 11054 11054 11052 11140 11073 11066 11054 11133 11054 11054 11066 11066 11066 11054 11054 11054 11133 11002 11002 10964 10964 10931 10931 11133 11133 11054 10994 11048 11048 11048 11251 11251 11251 10979 11073 11073 11054 10992 10992 10992 10988 10992 11054 10992 11054 11042 19284 10987 10987 10987 10992 10992 10987 10987 11073 11056 11048 11048 11048 11048 11048 12575 12575 12575
11022 11022 11022 11022 11022 11022 11022 11083 10931 10931 11089 11054 11054 11054 10964 11033 11054 11140 11140 11048 11073 11066 11066 11066 11054 11054 11054 11054 11066 11066 11066 11002 11066 11066 11066 11066 10931 10931 11133 11133 11133 19276 11054 11048 11048 11048 10964 11073 10964 11047 10945 10945 11054 11042 10992 10992 10992 11054 11054 11054 11054 11042 19284 10987 10987 10987 10987 10992 10992 10987 11056 11073 11056 11042 11042 11042 11048 12575 12575 12582
11022 11022 11022 11022 11022 11022 11080 10931 11089 11089 11083 11054 11054 11054 11033 11033 11140 11048 11048 11048 11073 11072 11066 11066 11066 11066 11066 11054 11066 11066 11066 11129 11133 11133 11133 10931 10931 11133 11133 11133 11133 11054 11054 11054 11048 11048 11048 11048 11048 10945 10945 11054 11042 11042 11042 11042 10992 11054 11042 11042 11073 11054 11054 10931 10987 10987 10987 10987 10968 10987 11073 11042 19276 11048 11048 11048 11048 12582 12572 12572
11022 11022 11022 11022 11022 11080 11083 11083 10931 11083 11080 11054 11054 11054 11033 11033 11073 11048 11048 11146 11066 11066 11066 11066 11066 11066 11066 11066 11133 11133 11066 11129 11133 10931 11133 11133 11133 11133 11066 11133 11054 11054 11054 11054 11052 11048 11054 11052 11048 11048 10945 11042 11235 11042 11042 11042 11042 11054 11073 11073 11042 11042 11042 10931 10987 10987 10987 10992 10992 10992 11043 11054 11054 11054 11054 11054 11048 12582 12582 12582
11022 11022 11022 11022 11022 11080 11080 11083 10931 11083 11054 11054 11066 11066 11066 11073 11073 11048 11048 11146 11145 11066 11066 11066 11066 11066 11066 11133 11133 11133 11129 11133 10931 11052 11052 11054 11133 11066 11066 11133 11133 11054 11054 11054 11133 11048 11133 11073 11052 10945 11054 11042 11235 11235 11235 11042 11042 11073 11054 11042 19276 19277 11042 10931 10931 10992 10992 10992 10992 10992 11042 11042 11054 11054 11054 11048 11054 12572 12582 12582
11022 11022 11022 11022 11022 11080 11083 11083 10931 11056 11056 11080 11066 11066 11066 11073 11066 11048 11048 11146 11146 11066 11066 11066 11066 11066 11066 11133 11133 11133 10931 10931 11125 11056 11054 11054 11052 11052 11066 11066 11002 11054 11054 11054 11052 11048 11054 11073 11052 19281 11054 11042 11042 11235 11235 10964 11073 11054 11042 19276 19276 19276 19276 11042 10931 11048 11072 11072 11072 10992 19284 11042 11054 11054 11048 11048 11054 12575 12565 12565
11022 11022 11022 11080 11080 11080 11022 10931 11083 11083 11056 11056 11083 11066 11066 11066 11083 11083 11108 11073 11145 11066 11066 11066 11066 11066 11066 11125 11125 10931 11125 11138 11138 11033 11054 11072 11054 11054 11066 11054 11054 11054 11054 11066 11052 11054 11073 11133 11054 11054 11042 11042 11042 11042 10964 10964 10964 10964 10964 19276 19275 19276 11042 10931 11048 11048 11048 11072 11072 11072 10987 19284 11054 11054 11056 11054 11054 12572 12575 12575
11022 11027 11022 11080 11080 11083 10931 10931 11083 11048 11056 11080 11083 11072 11066 11048 11083 11083 11083 11083 11073 11073 11066 11066 11066 11066 11125 11125 11125 10937 11125 11138 11138 11033 11033 11052 11052 11052 11066 11052 11054 11066 11054 11052 11052 11054 11073 11054 11054 11042 11042 11042 11073 11073 11073 10964 10964 10964 10964 19276 11073 19276 11042 10931 11048 11048 11048 11048 11072 11072 10987 10987 11042 11054 11042 11042 11042 12572 12575 12572
11022 11080 11083 11083 11083 11083 10931 11083 11048 11048 11056 11056 11056 11056 11066 11048 11066 11083 11048 11108 11083 11083 19277 11146 11146 11066 11066 11125 11140 10937 11125 11138 11138 11033 11072 11056 11054 11052 11052 11066 11066 11054 11054 11066 11066 11054 11133 10964 11042 11042 11042 11048 11042 11042 11073 10964 10964 10964 10964 10964 10964 10964 10931 11048 11048 11048 11072 11072 11072 11072 10987 11073 11042 11042 11042 11042 11054 12575 12575 12575
11080 11080 11080 11080 11083 10931 10931 11108 11083 11048 11048 11048 11080 11080 11066 11066 11083 11048 11048 11108 11108 11108 19277 11146 11146 11066 11066 11066 11140 10937 11125 11125 11138 11033 11033 11066 11066 11066 11066 11066 11066 11054 11066 11054 11054 11073 11133 11054 11054 11054 11048 11048 11073 11042 10964 10964 10964 10964 10964 10964 10964 10931 11042 11042 11048 11048 11042 11042 11042 11054 11054 11048 11048 11054 11054 11052 11054 12587 12565 12565
11080 11080 11080 11083 10931 10931 10931 11048 11108 11108 11108 11083 11083 11083 11083 11108 11108 11108 11048 11125 11033 11033 19276 19276 11146 11146 11146 11146 11165 10937 11125 11125 11138 11138 11066 11066 19276 11066 11066 11066 11066 11066 11066 11054 11054 11066 11066 11054 11054 11054 11048 11048 11048 10964 10964 10964 10964 10964 11042 11042 10931 11054 11042 11042 11042 11054 11042 11054 11042 11042 11042 11048 11048 11048 11052 11054 11052 12587 12587 12565
11080 11083 11083 19276 10931 11108 11083 11108 11108 11108 11108 11108 11108 11083 11108 11108 11108 11108 11169 11145 11161 11161 11146 11159 11146 11146 11146 11145 11146 10937 10937 11125 11066 11066 11066 11066 11066 11066 11066 11066 11066 11066 11066 11066 11066 11066 11066 11066 11054 11054 11048 11048 11048 11048 10964 10964 11042 11042 11042 10931 11054 11054 11042 11054 11054 11054 11056 11054 11054 11042 11042 11054 11048 11054 11052 11054 11066 12567 12587 12486
11080 11083 19276 10931 10931 11108 11108 11083 11108 11108 11108 11073 11108 11108 11108 11108 11108 11146 11145 11169 11161 11158 11158 11158 11145 11145 11146 11146 19281 11125 10937 10937 11154 11125 11066 11066 11066 11066 11066 11033 11033 11066 11066 11066 11066 11066 11066 11054 11054 11054 11048 11048 11048 11048 11048 10964 10964 11042 11042 10931 10931 11054 11054 11054 11054 11054 11054 11054 11048 11054 11054 11054 11048 11048 11054 11066 11043 12568 12486 12583
11080 19276 10931 10931 11108 11083 11108 11108 11108 11108 11108 11108 11073 19276 11146 11146 11145 11146 11145 11158 11158 11145 11158 11161 11145 11145 11145 11161 11146 11125 11125 10937 11125 11125 11125 11066 19277 11066 11073 11066 11066 11066 11066 11066 11066 11066 11066 11066 11066 11054 11054 11048 11048 11048 11048 11048 11048 11048 11073 11048 11048 10931 11054 11052 11054 11054 11054 11048 11048 11054 11054 11054 11054 11066 11066 11066 11066 12567 12486 12565
