EPSG_25832/clc_buek_grid_profile_25832_general.asc
ncols        641
nrows        866
xllcorner    280356.848233341298
yllcorner    5235360.556800000370
cellsize     1000.000000000000
NODATA_value -9999
[rows 105 to 139 of 866, columns 240 to 319 of 641]
5695 5756 5757 5689 5689 5689 5688 5779 5779 5688 5854 5854 5699 5698 5698 5699 5698 19276 5746 5747 5746 5770 5751 5757 5757 5689 5854 5854 5854 5854 5854 5854 5698 5854 5854 5846 5846 5846 5846 5845 5846 5845 5846 5831 19276 7580 7253 7228 7268 7335 7335 7335 7338 7304 7304 7304 7335 7335 7253 7444 7304 19284 7247 7247 7304 7304 7247 7247 7230 7230 7230 19284 19284 7261 7261 7261 7304 7304 7304 7304
5695 5685 5689 5746 5688 5688 5779 5779 5688 5688 5688 5698 5764 5764 5698 5738 5738 5738 5738 5775 5775 5757 5756 5757 5756 5688 5854 5854 5854 5854 5854 5854 5698 5854 5846 5846 5846 5845 5845 5845 5845 5846 19276 19276 19276 19276 7434 7268 7268 7335 7338 7335 7338 7304 7304 7304 7304 7304 7247 7247 7446 19284 7239 7304 7304 7304 7247 7247 19284 7231 7230 19284 19284 7261 7304 7304 7304 7304 7304 7304
5695 5685 5685 5746 5688 5688 5688 5779 5689 5688 5765 5714 5714 5799 5799 5738 5738 5738 5791 5694 5707 5707 19276 19276 5756 5846 5863 5863 5854 5751 5751 19276 5698 5832 5846 5845 5846 5845 5845 5845 5845 5846 5846 19276 19276 19276 7270 7268 7398 7335 7397 7338 7335 7335 7304 7304 7304 7335 7335 7335 7247 19284 19284 7304 7304 7304 7247 19284 19284 7231 7531 19284 19284 7261 7261 7261 7261 7261 7304 7304
5695 5685 5685 5686 5779 5688 5686 5779 5689 5688 5688 5764 5688 5799 5799 5738 5738 5738 5779 5694 5697 5707 19277 5707 5709 5863 5863 5751 5751 5752 19276 19276 5845 5846 5845 5845 5846 5846 5707 5845 5845 5846 19276 19276 19276 19276 7268 7268 7268 7345 7343 7338 7335 7335 7335 7335 7335 7335 7335 7335 19284 7247 7247 7231 7304 7247 7233 19284 7230 7231 7486 7335 7335 7261 7261 7335 7261 7261 7261 7304
5685 5686 5685 5685 5685 5685 5685 5689 5689 5770 5854 5807 5688 5799 5799 5801 5738 5799 5779 5694 5779 5709 5707 5707 5707 5863 5688 5688 5751 5688 5689 5845 5845 5845 5846 5845 5846 5707 19276 19277 5846 19277 19276 19276 19276 19276 7268 19276 7268 7343 7343 7345 7343 7335 7335 7335 7335 7335 7335 19276 19276 7231 7231 7540 7231 7253 7231 7230 7230 7487 7261 7335 7436 7335 7434 7261 7261 7261 7261 7434
5686 5685 5686 5685 5685 5685 5688 5688 5770 5770 5685 5688 5688 5807 5799 5799 5799 5799 5779 5779 5697 5707 5708 5709 5863 5863 5775 5689 5689 5689 5688 5846 5846 5821 5845 5845 5845 5707 5832 5845 5846 19276 19276 19276 19276 19276 19276 7268 7268 7398 7343 7343 7343 7398 7335 7335 7335 7335 7335 7239 7292 7231 7540 7540 19281 7253 7231 7239 7253 7253 7487 7436 7415 7231 7434 7261 7434 7398 7261 19276
5686 5779 5685 5685 5746 5688 5688 5770 5770 5685 5685 5688 5746 5688 5799 5799 5799 5799 5801 5802 5694 5707 5688 5688 5688 5863 5863 5689 5689 5689 5689 5846 5845 5821 5845 5845 5846 5707 5831 5845 5863 19276 19276 19276 19277 19276 19276 19276 7268 7397 7398 7343 7343 7343 7270 7335 7338 7335 7239 7239 7574 19281 7574 7574 19281 19281 7531 7240 7434 7335 7398 7398 7398 7231 19284 7231 7261 7434 7444 7335
5779 5779 5707 5707 5747 5688 5689 5688 5770 5686 19276 19276 5807 5808 5792 5793 5792 5792 5792 5799 5802 5688 5792 5688 5779 5863 5863 5863 5689 5688 5688 5689 5845 5821 5845 5846 5831 5707 5845 5845 5845 5845 5846 19277 19277 19277 19276 7580 7581 7585 7574 7574 7574 7343 7603 7268 7576 7239 19276 19276 7576 7576 7574 7574 19281 19276 7531 7239 7434 7335 7335 7397 7261 7335 7231 7231 7231 7444 7444 7335
5712 5712 5707 5746 5747 5688 5770 5770 5688 5685 5685 19277 5807 5808 5792 5792 5793 5812 5792 5792 5802 5792 5792 5688 5688 5688 5688 5688 5689 5689 5688 5688 5845 5846 5846 5863 5707 5845 5845 5845 5845 5845 5846 5846 5846 7586 7581 7581 7581 7574 7585 7585 7585 7585 7576 7576 7576 7576 7576 7576 7576 7576 7230 7230 7536 7536 7239 7239 7335 7335 7335 7335 7335 7335 7335 7335 7335 7444 7444 7335
5779 5707 19276 5746 5689 5689 5770 5770 5688 5779 5685 5685 5807 5817 5792 5792 5793 5812 5792 5792 5812 5793 5793 5793 5689 5792 5688 5688 5689 5779 5688 5688 5845 5846 5821 5845 5845 5845 5845 5845 5846 5846 5845 5845 5845 7585 7548 7548 7548 7585 7574 7585 7574 7576 7576 7576 7576 7576 7576 7576 7576 7576 7231 7531 7531 7536 7535 7239 7239 7261 7261 7335 7335 7335 7335 7244 7335 7444 7335 7338
5779 5712 5712 5747 19276 5689 5689 5688 5770 5746 5685 5689 5689 5792 5807 5792 5793 5793 5792 5812 5812 5792 5793 5793 5793 5792 5792 5688 5689 5779 5688 5688 5845 5845 5845 5845 5845 5845 5845 5845 5846 5845 5845 5845 5845 7585 19276 19277 7548 7548 7585 7585 7585 7581 7581 7574 7576 7576 7576 7574 7607 7231 7231 7230 7239 7239 7239 7239 7304 7262 7335 7335 7335 7335 7398 7398 7434 7335 7335 7338
5779 5713 5779 5779 5688 5714 5714 5770 5779 5762 5761 5688 5689 5688 5807 5792 5793 5793 5793 5812 5812 5792 5793 5793 5792 5792 5708 5689 5688 5779 5688 5688 5846 5846 5845 5845 5845 5845 5845 5846 5846 5845 5845 5845 5845 7585 19276 7547 7547 7547 7547 7548 7594 7581 7581 7594 19276 7547 7607 7607 7607 7231 7230 7230 7512 7239 7304 7304 7304 7261 7436 7335 7335 7335 7398 7434 7434 7335 7335 7338
5779 5779 5747 5712 5688 5688 5770 5688 5688 5762 5762 5688 5689 5817 5792 5807 5792 5792 5792 5812 5792 5792 5792 5793 5792 5792 5708 5708 5846 5688 19276 5863 5863 5845 5845 5845 5845 5846 5846 5845 5845 5845 5845 5845 5845 7554 7554 7547 7548 7547 7594 7556 7594 7585 7585 7585 7585 7585 7607 7607 7576 7230 7230 7230 7230 7244 7239 7239 7261 7335 7261 7335 7261 7398 7398 7434 7261 7335 7335 7338
5540 5540 5779 5779 5688 5707 5688 5688 5688 5688 5762 5762 5792 5792 19276 5761 5807 19280 5793 5792 5792 5792 5792 5792 5792 5792 5846 5846 5846 5846 5846 5846 5846 19276 5846 5845 5845 5845 5845 5845 5845 5846 5845 5845 5845 19277 19277 7548 7548 7547 7585 7585 7586 7603 7585 7585 7585 7574 7576 7574 7574 7231 7230 7231 7531 7354 7354 7338 7335 19284 7335 7261 7262 7398 7434 7262 7335 7335 7398 7338
5540 5540 5540 5540 5707 5707 5707 5707 5688 5688 5688 5792 5817 5792 5761 5761 5808 19277 5793 5793 5792 5792 5792 5792 5793 5793 5793 5845 5846 5841 5842 5846 5846 5846 5707 5845 5846 5845 5845 5845 5845 5845 5854 5688 5688 7548 7548 7554 7554 7586 7585 7586 7570 7585 7548 7585 7585 7585 7585 7574 7574 7574 7531 7531 7434 7253 7434 7231 7335 7335 7240 19284 19284 19284 7434 7335 7335 7335 7335 7338
5540 5537 5540 5540 5540 5708 5708 5707 5688 5688 5792 5792 5792 5761 5761 5809 5808 5807 5792 5792 19276 5792 5792 5792 5793 5793 5793 5846 5842 5846 5845 5846 5752 5742 5707 5707 5765 5845 5845 5845 5845 5845 5854 5688 5688 7547 7554 7548 7586 7586 7586 7586 7585 7585 7570 7585 7585 7585 7585 7585 7585 7585 7531 7431 7230 7230 7431 7239 7335 7335 7335 7335 7398 7397 19284 7335 7304 7335 7304 7335
5540 5540 5540 5540 5540 5540 5709 5707 5688 5707 5707 5707 5762 5762 5809 5808 5808 5793 5793 19276 19276 5792 5792 5817 5817 5793 5793 5846 5846 5845 5845 5752 5752 5741 5741 5707 5707 5730 5756 5757 5845 5845 5845 5688 5688 7554 7586 7570 7586 7586 7586 7603 7548 7548 7548 7585 7585 7585 7585 19276 7585 7585 7261 7256 7256 19276 19276 7239 7240 7335 7335 7335 7398 7398 7398 19284 7304 7304 7304 7304
5537 5518 5518 5524 5524 5524 5540 5524 5527 5707 5707 19277 5762 5762 5809 5808 5808 5808 5817 5792 5792 5792 5792 5817 5792 5792 19276 19276 5846 5845 5845 5688 5752 5741 5741 5707 5771 5726 5688 5757 5688 5688 5845 5845 5688 7585 7586 7570 7570 7570 7586 7548 7548 7548 7548 7548 7585 7585 19276 19276 19276 7261 7261 7253 19276 19276 19284 19284 7292 7335 7335 7335 7398 7398 7434 7434 7335 7335 7304 7304
5537 5524 5524 5518 5518 5518 5524 5524 5537 5707 5709 5708 19276 5689 5689 5809 5809 5792 5793 5792 5792 5792 5537 5537 5537 5537 19276 19276 5845 5845 5845 5688 5752 5751 5741 5707 5770 5771 5688 5688 5688 5715 5845 5845 5845 7586 7586 7585 7585 7567 7567 7567 7567 7567 7565 7548 7567 7570 19277 7585 7261 7262 7253 7253 19276 19276 19284 7292 7335 7335 7335 7335 7335 7335 7398 7398 7247 7306 7304 7304
5518 5518 5519 5518 5518 5519 5518 5518 5540 5537 19276 5708 19276 19276 5689 5689 5808 5792 5792 5817 5537 5530 5530 5531 5530 5530 5846 5846 5846 5845 5845 5845 5751 5751 5752 5707 5707 5707 5707 5707 5715 5715 19276 5846 5846 7586 7565 7594 7565 7565 7565 7567 7567 7567 7567 7567 7567 7567 7548 7567 7231 7261 7253 7253 19276 19276 19276 7292 7335 7335 7335 7335 7335 7398 7398 7398 7304 7304 7304 7304
5537 5524 5518 19276 5519 5519 5518 5519 5518 5519 19276 19277 19276 19276 19276 19276 19276 5792 5537 5537 5530 5530 5530 5845 5845 5854 5530 5854 19276 19276 5846 5846 5845 5845 5846 5707 5707 19276 19277 5707 5846 5846 5846 5846 5867 7607 7567 7567 7565 7565 7567 7567 7567 7565 7567 7567 7567 7567 7548 7548 7231 7233 7231 7253 7292 7292 19276 7335 7335 7335 7335 7335 7335 7335 7335 7335 7304 7304 7304 7304
5518 5518 5518 5518 19276 5518 5519 5519 5518 5518 5519 5540 5518 19277 19276 5689 5689 5530 5537 5530 5530 5530 5531 5845 5846 5846 5854 5854 5845 5845 5845 5845 5845 5845 5846 19276 19276 19276 5846 5846 5846 5845 5845 5845 5863 7585 7566 7567 7565 7567 7567 7567 7567 7567 7567 7570 7586 7566 7231 19277 7231 19284 7231 7231 7415 7292 7253 7335 7398 7335 7335 7398 7398 7335 7335 7335 7335 7304 7304 7304
5518 5518 5518 5518 5518 5518 5519 5518 5519 5519 5519 5540 5540 5530 5530 5530 5530 5530 5531 5530 5531 5863 5845 5845 5867 5845 5846 5854 5845 5845 5845 5845 5799 5854 5854 5854 19276 19276 5846 5846 5846 5845 5802 5845 5846 7553 7586 7566 7566 7567 7567 7565 7567 7567 7594 7594 7585 7231 7547 7231 7231 19284 7253 7231 7231 7431 7253 7335 7335 7335 7335 7335 7335 7338 7335 7335 7335 7335 7304 7335
5524 5524 5518 5518 5519 5519 5518 5518 5519 5519 19276 19276 19276 5715 19276 19276 5863 5863 5863 5863 5863 5863 5863 5867 5867 5867 5854 5854 5854 5845 5845 5845 5799 19276 5808 5807 5807 5807 5846 5802 5802 5802 5802 5846 5846 7547 7586 7567 7586 19276 7567 7567 7594 7594 7585 7585 7574 7574 7231 7547 7231 7531 7253 7261 7261 7431 19276 7253 7335 7335 7335 7335 7304 7338 7335 7335 7335 7335 7304 7304
5524 5524 5518 5518 5518 5518 5519 5519 5519 5519 5757 5718 5718 5718 5689 5757 5756 5865 5865 5867 5867 5867 5863 5863 5863 5854 5854 5854 5854 5854 5854 5801 5799 5799 5799 5808 5808 5807 5807 5846 5846 5846 5845 5845 5712 7553 7594 7585 7594 7594 7594 7594 7585 7585 7585 7574 7574 7547 7547 7253 7231 7531 7261 7261 7261 7431 7431 7253 7335 7239 7335 7335 7304 7304 7335 7335 7335 7335 7304 7304
5524 5524 5524 5518 5518 5518 5518 5519 5519 5519 5540 5718 5718 5718 5756 5757 19281 19276 5867 5867 19284 19284 5867 5863 5863 5854 5863 5854 5854 5804 5804 5804 5804 5799 5802 5802 5801 5799 5801 5817 5812 5846 5846 5846 5846 7594 7594 7585 7607 7594 7594 7594 7585 7603 7603 7574 7574 7547 7547 7253 7253 7233 7233 7354 7253 7261 7261 7335 7335 7239 7335 7335 7338 7335 7335 7335 7335 7335 7304 7247
5524 5524 5518 5518 5518 5518 5518 5518 5519 5519 5540 5540 5540 5756 5756 5757 5757 19277 5519 5537 5867 19284 5867 5863 5863 5863 5762 5807 5803 5803 5804 5804 5804 5804 5804 5802 5801 19276 5799 5812 5812 5812 5846 5756 19276 7586 7586 7585 7585 7585 7585 7585 7585 7585 7585 7603 7603 7261 7261 7261 7354 7354 7531 7231 7231 7231 7270 7335 7261 7398 7335 7335 7335 7335 7335 7335 7335 7335 7304 19276
5524 5518 5518 5518 5524 5518 5518 5518 5519 5519 5519 5540 5540 5524 5524 5537 5527 5519 5519 5537 5867 5867 5867 5761 5863 5762 5762 5807 5807 5807 5807 5809 5803 5803 5819 5819 5819 5819 5799 5799 5812 5765 5765 5757 5757 5689 7548 7548 7585 7585 7585 7585 7585 7585 7585 7585 7574 7536 7261 7261 7354 7486 7486 7231 7231 7231 7431 7261 7261 7335 7335 7335 7335 7335 7335 7335 7338 7335 7434 7335
19276 5518 5518 5524 5524 5518 5518 5518 5518 5519 5519 5519 5519 5524 5524 5524 5519 5519 5519 5867 5867 5867 5783 5761 19276 5761 5761 5863 5807 5808 5803 5807 5803 5803 5819 5819 5819 5803 19281 19281 5812 5812 5765 5765 5757 5689 7555 7547 7355 7354 7585 7585 7585 7586 7585 7586 7574 7253 7536 7354 7354 7486 7354 7354 7354 7230 7431 7261 7261 7261 7335 7335 7335 7335 7335 7436 7436 7335 7338 7338
19284 5518 5518 5518 5518 5518 5519 5518 5518 5519 5519 5519 5519 5519 5527 5519 5519 5519 5537 5537 5741 5742 5762 5762 5762 5752 5752 5761 5863 5863 5807 5803 5804 5804 5804 5803 5803 5804 19281 5812 5803 19278 5812 5764 5764 5689 7543 7543 7543 7354 7354 7354 19276 7585 7585 7585 7574 7536 7253 7354 7486 7486 7354 7354 7354 7268 7431 7261 7335 7335 7335 7335 7335 7335 7335 7436 7335 19284 19276 7335
19284 19284 5518 5518 5519 5518 5518 5518 5518 5519 5518 5519 5519 5519 5519 5519 5519 5762 5762 5762 5742 5742 5762 5785 5785 5752 5776 5752 5863 5863 5751 5752 5804 5804 5803 5803 5803 5819 5804 5812 5803 5803 19276 19276 19276 7547 7548 7543 7543 7261 7355 7354 7354 7532 7594 7247 7253 7253 7253 7354 7354 7486 7486 7354 7231 7261 7270 7231 7335 7335 7335 7335 7335 7335 7335 7335 19276 19276 19276 7335
19284 19284 -9999 5518 5518 5518 5518 5518 5518 5519 5519 5519 5519 5519 5519 5519 5519 5524 5762 5762 5761 5762 5762 5785 5785 5720 5779 5752 5751 5751 5752 5751 5803 5803 5803 5803 5804 5804 5804 5812 5804 19276 19276 19277 19277 7547 7543 7548 7540 7540 7355 7354 7354 7354 7354 19276 7247 7253 7253 7256 7354 7253 7253 7488 7261 7261 7261 7230 7261 7335 7431 7338 7338 7335 7335 7335 7335 7335 19277 7335
-9999 19284 19284 19284 5518 5519 5518 5519 5518 5519 5519 5519 5519 5519 5519 5519 5519 5519 5762 5762 5762 5762 5762 5785 5785 5720 5752 5751 5751 5752 5752 5751 5807 5803 5809 5804 5808 5803 5804 5804 5804 19276 5765 19277 19277 7547 7543 7540 7543 7262 7355 7354 7355 7354 7354 7354 7354 7490 7240 7431 7354 7354 7335 7335 7261 7261 7262 7434 7434 19276 19276 19276 7338 7338 7335 7335 7239 7335 7335 7335
5518 -9999 19284 19284 -9999 19284 5519 5519 5519 5518 5519 5519 5519 5519 5519 5519 5519 5519 5537 5762 19276 5762 5746 5785 5722 5722 5779 5779 5751 5751 5752 5752 5807 5803 5804 5807 5807 5807 5803 5764 5764 5764 5752 19277 5688 19276 19276 7543 7373 7373 7373 7244 7512 7354 7354 19276 19276 7239 7240 7240 7431 7354 7335 19276 7304 7335 7335 7335 19276 19276 19276 19276 7335 7335 7335 7335 7335 7306 7338 7335
5519 5519 19284 19284 -9999 19284 19276 19276 5519 5519 5519 5519 5519 5519 5519 5519 5519 5518 5537 5746 5761 5746 19277 5720 5722 5722 5779 5779 5751 5752 5752 5752 5779 5804 5804 5808 5808 5720 5812 5752 5764 5752 5752 5752 19276 7547 7543 7543 7373 7373 7373 7373 7239 7354 7354 7536 7505 7535 7536 7536 19276 7253 7230 7276 7335 7335 7335 19277 19277 19276 7338 7335 19277 7335 7335 7304 7304 7306 7335 7335
