EPSG_25832/clc_buek_grid_profile_25832_23.asc
ncols        641
nrows        866
xllcorner    280356.848233341298
yllcorner    5235360.556800000370
cellsize     1000.000000000000
NODATA_value -9999
[rows 140 to 174 of 866, columns 160 to 239 of 641]
-9999 19284 -9999 -9999 -9999 -9999 -9999 -9999 -9999 19284 19284 -9999 -9999 -9999 -9999 -9999 -9999 -9999 -9999 -9999 19284 19284 19284 19284 19284 19284 19284 19284 -9999 3736 3736 3738 3764 3813 3813 3813 3813 3813 5801 5487 5518 5518 5518 5487 5487 5487 5487 5487 5487 5487 5487 5487 5487 5487 5493 5493 5493 5493 5515 5515 5518 5518 5518 5518 5518 5518 5515 5518 5518 5518 5518 5518 5518 5518 5518 5518 5518 5518 5518 5518
-9999 19284 16335 -9999 -9999 -9999 -9999 -9999 19284 19284 19284 -9999 -9999 -9999 19284 19284 -9999 -9999 -9999 -9999 -9999 19284 19284 19284 19284 19284 -9999 -9999 -9999 3736 3738 3738 3764 3813 3813 3813 3813 3813 5801 5863 5493 5518 5518 5518 5515 5487 5487 5487 5487 5487 5487 5487 5487 5487 5493 5493 5493 5515 5515 5515 5518 5518 5518 5518 5518 5518 5518 5518 5518 5518 5518 5518 5518 5518 5518 5518 5518 5518 5518 5518
-9999 16335 16335 -9999 -9999 -9999 -9999 19284 19284 19284 19284 19284 19284 19284 19284 19284 -9999 -9999 -9999 -9999 -9999 19284 19284 19284 19284 19284 19284 -9999 -9999 3736 3738 3738 3813 3813 3813 3813 3813 3813 5801 5863 5863 5530 5530 5530 5518 5487 5487 5487 5515 5493 5493 5493 5487 5487 5493 5493 5493 5515 5515 5515 5518 5518 5518 5518 5518 5518 5518 5518 5518 5518 5537 5537 5530 5537 5537 5537 5537 5518 5518 5518
-9999 16335 16335 16335 -9999 -9999 -9999 19284 19284 19284 19284 19284 19284 19284 19284 19284 -9999 -9999 -9999 -9999 -9999 19284 -9999 19284 -9999 19284 19284 -9999 3736 3738 3738 3738 3738 3837 3813 3813 3813 3813 5801 5863 5863 5863 5863 5863 5518 5518 5487 5487 5515 5493 5515 5515 5493 5493 5493 5493 5493 5515 5530 5530 5518 5518 5518 19276 5518 5518 5518 5518 5518 5518 5518 5537 5518 5518 5537 5540 5540 5540 5537 5515
-9999 -9999 16335 16335 -9999 -9999 -9999 -9999 -9999 -9999 -9999 19284 19284 19284 19284 19284 -9999 -9999 -9999 -9999 -9999 -9999 -9999 19284 -9999 19284 19284 -9999 3736 3738 3738 3738 3738 3837 3813 3813 3813 3813 5801 5863 5785 5785 5785 5785 5785 5518 5518 5807 5515 5518 5530 5530 5493 5493 5493 5493 5530 5530 5530 5530 5530 5863 19276 19276 5854 5530 5518 5518 5518 5518 5518 5537 5537 5518 5518 5537 5537 5540 5540 5537
-9999 16335 16335 -9999 -9999 -9999 -9999 -9999 -9999 -9999 19284 19284 19284 -9999 -9999 19284 19284 -9999 -9999 -9999 -9999 -9999 -9999 19284 -9999 -9999 -9999 -9999 3738 3738 3738 3738 3738 3764 3813 3813 3813 3813 5801 5801 5785 5785 5801 5801 5801 5863 5863 5792 5530 5518 5530 5518 5518 5515 5493 5493 5518 5530 5530 5518 5863 5863 5793 5792 5793 5863 5518 5518 5518 5518 5518 5537 5518 5518 5518 5518 5537 5540 5540 5537
19284 19284 16335 -9999 -9999 -9999 19284 19284 -9999 -9999 -9999 -9999 -9999 -9999 -9999 -9999 19284 19284 -9999 -9999 -9999 -9999 -9999 19284 19284 -9999 -9999 3736 3738 3738 3738 3738 3738 3764 3813 3813 3813 3813 5801 5863 5785 5801 5792 5792 5792 5792 5863 5792 5807 5530 5518 5530 5515 5515 5493 5493 5515 5530 5530 5530 5863 5801 5793 5793 5735 5801 5530 5518 5518 5515 5518 5518 5537 5518 5518 5518 5537 5540 5540 5537
19284 19284 16335 16337 16337 16337 19284 19284 19284 19284 -9999 -9999 -9999 -9999 -9999 -9999 -9999 19284 19284 19284 -9999 -9999 -9999 -9999 19284 -9999 -9999 3738 3738 3738 3738 3738 3738 3764 3813 3813 3813 3813 5801 5863 5863 5863 5801 5863 5863 5863 5530 5530 5518 5530 5530 5530 5530 5515 5530 5515 5530 5530 5518 5530 5863 5801 5801 5735 5735 5801 5530 5518 5518 5515 5515 5518 5530 5530 5530 5530 5537 5540 5540 5540
-9999 -9999 16337 16337 16337 16337 19284 19284 -9999 -9999 -9999 -9999 -9999 -9999 -9999 19284 19284 -9999 -9999 19284 -9999 -9999 19284 -9999 19284 -9999 3736 3738 3738 3738 3738 3738 3738 3764 3813 3813 3813 3813 5801 5801 5863 5863 5863 5863 5863 5785 5530 5530 5530 5530 5530 5530 5530 5515 5515 5515 5530 5530 5530 5530 5863 5801 5793 5735 5731 5801 5863 5518 5518 5515 5518 5518 5518 5518 5518 5537 5537 5537 5530 5540
-9999 -9999 16335 -9999 -9999 -9999 -9999 -9999 -9999 -9999 19284 -9999 -9999 -9999 -9999 -9999 -9999 -9999 -9999 19284 19284 19284 19284 -9999 -9999 -9999 3738 3738 3738 3738 3738 3738 3738 3764 3837 3813 3813 3813 5801 5801 5801 5801 5785 5785 5785 5785 5785 5530 5530 5530 5530 5530 5518 5530 5530 5515 5530 5530 5530 5530 5863 5801 5792 5793 5792 5792 5863 5863 5518 5515 5515 5518 5518 5518 5518 5530 5515 5515 5515 5515
-9999 19284 19284 19284 -9999 -9999 -9999 -9999 -9999 -9999 -9999 -9999 19284 19284 -9999 -9999 19284 -9999 19284 19284 19284 19284 19284 19284 -9999 3738 3738 3738 3738 3738 3738 3738 3764 3764 3837 3813 3813 3813 5801 5801 5863 5785 5785 5785 5785 5785 5801 5785 5785 5785 5785 5530 5518 5530 5518 5530 5530 5530 5530 5530 5863 5863 5863 5863 5863 5863 5801 5801 5863 5515 5515 5515 5515 5518 5515 5515 5515 5518 5518 5530
-9999 19284 19284 19284 19284 19284 -9999 -9999 -9999 -9999 19284 19284 19284 19284 19284 -9999 19284 19284 19284 19284 19284 -9999 -9999 19284 19284 3738 3738 3738 3738 3738 3738 3738 3764 3764 3837 3813 3813 3813 5863 5863 5863 5785 5785 5785 5785 5785 5785 5785 5785 5785 5530 5518 5518 5518 5518 5530 5530 5863 5785 5785 5863 19284 5863 5863 5863 5807 5801 19276 5699 5530 5518 5515 5515 5518 5515 5515 5518 5518 5530 5540
-9999 -9999 -9999 19284 19284 -9999 -9999 -9999 -9999 -9999 19284 19284 -9999 19284 19284 19284 19284 -9999 19284 19284 19284 19284 -9999 -9999 -9999 3738 3738 3738 3738 3738 3738 3764 3770 3764 3813 3813 3813 3813 5792 5863 5863 5785 5785 19284 5785 5785 5785 5785 5785 5785 5530 5518 5518 5518 5518 5863 5785 5785 5785 5785 5863 5863 5863 5801 5801 5801 5756 5731 5801 5801 5801 5518 5518 5518 5518 5530 5530 5530 5530 5540
-9999 -9999 -9999 19284 19284 19284 -9999 -9999 -9999 -9999 -9999 -9999 -9999 19284 19284 19284 19284 19284 -9999 19284 19284 -9999 -9999 -9999 -9999 3738 3738 3738 3738 3738 3764 3764 3770 3837 3813 3813 3813 3813 19276 5863 5863 5863 5863 19284 5785 5785 5785 5785 5785 5785 5530 5518 5518 5518 5863 5785 5785 5785 5801 5801 5863 5807 5807 5801 5801 5801 5801 5863 5863 5801 5801 5801 5518 5518 5518 5518 5518 5530 5530 5530
-9999 -9999 -9999 19284 19284 19284 -9999 -9999 -9999 -9999 -9999 -9999 -9999 19284 19284 19284 -9999 19284 19284 19284 19284 19284 19284 -9999 -9999 3738 3738 3738 3738 3738 3770 3770 3764 3837 3813 3813 3813 3813 5801 5863 5801 5725 5756 5863 5863 5863 5863 19284 5785 5785 5530 5518 5530 5863 5863 5785 5785 5792 5801 5801 5863 5863 5863 5807 5801 5756 5801 5801 5801 5863 5863 5530 5518 5518 5518 5518 5518 5518 5518 5518
-9999 -9999 -9999 -9999 19284 19284 -9999 -9999 -9999 -9999 -9999 -9999 -9999 -9999 19284 19284 19284 -9999 19284 -9999 19284 19284 19284 -9999 -9999 3736 3738 3738 3738 3764 3770 3764 3764 3837 3813 3839 3829 3813 5801 5863 5756 5756 5756 5801 5801 5810 5699 5863 5863 5530 5530 5530 5530 5785 5785 5863 5785 5792 5801 5785 5863 5863 5801 5801 5801 5756 5801 5801 5863 5863 5785 5530 5518 5530 5863 5863 5518 5518 5518 5518
-9999 -9999 -9999 -9999 19284 19284 19284 -9999 19284 -9999 -9999 -9999 -9999 -9999 19284 19284 -9999 -9999 -9999 -9999 -9999 19284 19284 19284 -9999 3736 3738 3738 3738 3764 3770 3764 3764 19276 3837 3839 3813 3813 5801 5785 5785 5785 5756 5756 5756 5756 5801 5863 5863 5863 5785 5785 5530 5785 5785 5785 5863 5792 5863 5863 5863 5801 5801 5801 5801 5756 5756 5801 5863 5863 5785 5530 5801 5801 5801 5785 5863 5518 5518 5518
19284 19284 -9999 -9999 -9999 19284 19284 19284 19284 -9999 19284 -9999 -9999 -9999 19284 19284 -9999 -9999 -9999 -9999 19284 19284 -9999 19284 19284 -9999 3738 3738 3738 3764 3770 3764 3837 3837 3804 3804 3813 3813 5785 5785 5785 5785 5731 5863 5756 5756 5863 5863 5863 5863 5785 5785 5785 5785 5863 5785 5863 5863 5863 5863 5807 5801 5801 5801 5801 5801 5756 5801 5801 5785 5863 5785 5801 5801 5801 19276 5518 5518 5518 5518
3755 -9999 -9999 -9999 -9999 19284 19284 19284 19284 19284 19284 19284 -9999 -9999 -9999 19284 19284 19284 19284 -9999 19284 19284 -9999 -9999 19284 19284 3738 3738 3738 3764 3770 3764 3837 3837 3804 3813 3813 3813 5785 5785 5785 5785 5735 5756 5863 5810 5807 5807 5863 5863 19284 5785 5801 5801 5863 5863 5863 5863 5863 5801 5863 5863 5801 5801 5801 19276 5756 5756 5863 5785 5785 5785 5801 5801 5863 5518 5518 5518 5518 5863
3755 19284 19284 -9999 -9999 19284 19284 19284 19284 19284 -9999 -9999 -9999 -9999 -9999 -9999 19284 19284 19284 19284 19284 19284 -9999 19284 19284 19284 3736 3738 3738 3764 3770 3770 3764 3839 3813 19276 3804 3813 5785 5785 5785 5807 5863 5756 5756 5863 5807 5807 5699 5863 19284 5863 5731 5731 5863 5863 5863 5785 5863 5863 5863 5801 5801 5801 5801 5801 5699 5699 5863 5863 5785 5785 5801 5801 5518 5518 5518 5801 5863 5863
19277 19284 19284 -9999 -9999 19284 19284 19284 19284 -9999 -9999 -9999 -9999 3736 3736 3736 19284 19284 19284 19284 19284 19284 -9999 19284 19284 19284 -9999 3738 3738 3764 3770 3770 3764 3813 3813 3813 3837 3813 5801 5801 5863 5801 5801 5807 5807 5756 5756 5807 5699 5785 5863 5863 5863 5731 5731 5863 5785 5785 5807 5807 5863 5801 5801 5801 5801 5801 5699 5801 5801 5863 5530 5518 5530 5518 5518 5854 5792 5801 5863 5863
3736 3755 -9999 -9999 -9999 19284 19284 19284 19284 19284 3738 3738 3755 3755 3755 3736 3736 19284 -9999 19284 -9999 -9999 -9999 19284 19284 19284 -9999 3736 3738 3764 3770 3770 3764 3813 3813 3837 3839 3813 5801 5807 5863 5801 5801 5801 5801 5731 5731 5731 5731 5792 5863 5863 5731 5731 5731 5731 5785 5785 5785 5785 5785 5801 5801 5801 5801 5801 5699 5801 5863 5863 5518 5530 5530 5807 5807 5801 5756 5756 5756 5863
18442 18442 -9999 -9999 -9999 19284 -9999 -9999 -9999 -9999 18444 18444 18444 18457 18457 18457 18457 18442 -9999 -9999 -9999 -9999 -9999 19284 19284 19284 19284 3736 18442 18466 18476 18449 19276 19276 19276 19276 18519 18663 1325 1332 1332 5801 5801 5801 5801 5863 5807 5731 1118 5792 5785 5699 5699 5731 1332 1332 1118 5785 5785 5785 5785 5801 5801 5801 5699 5801 5801 5801 5863 1029 5518 1034 5801 5801 1141 1228 1228 1228 1332 1332
18444 18442 18444 19284 -9999 -9999 19284 -9999 -9999 18444 18444 18444 18457 18457 18444 18444 18444 18444 19284 -9999 -9999 -9999 -9999 -9999 -9999 19284 -9999 -9999 18442 18466 18476 18449 19276 18670 19276 18670 18519 1325 1332 1332 1332 1332 1096 1194 1213 1219 1325 1332 1332 1160 1160 1213 1332 1332 1332 1332 1219 1325 1325 1325 1325 1213 1213 1325 1221 1213 1213 1332 1029 1325 1034 1034 1213 1172 1118 19276 19276 1332 1332 1332
18444 18444 18444 19284 -9999 -9999 19284 19284 -9999 18444 18444 18444 18457 18444 18444 18444 18444 18444 18444 -9999 -9999 -9999 -9999 -9999 -9999 -9999 -9999 -9999 18442 18442 18466 18476 19276 19276 18670 19276 18663 18663 1332 1029 1332 1332 1332 1291 1213 1213 1194 1332 1332 1160 1332 1332 1213 1213 1219 1213 1213 1325 1325 1325 1325 1213 1213 1325 1213 1325 1213 1332 1325 1325 1034 1118 1172 1160 1118 1332 1332 1325 1118 1213
18444 19284 19284 19284 -9999 -9999 -9999 -9999 -9999 18444 18444 18457 18457 18457 18457 18457 18444 18444 18444 18444 18442 -9999 -9999 -9999 -9999 -9999 -9999 -9999 -9999 18442 18466 18476 19276 19276 18656 19276 19284 1332 1332 1029 1029 1332 1118 1118 1213 1213 1194 1221 1332 1332 1332 1118 1219 1219 1219 1332 1118 1118 1325 1325 1213 1213 1325 1213 1213 1325 1213 1325 1325 1325 1034 19276 1172 1172 1332 1118 1118 1118 1118 1219
18444 18444 18444 18444 19284 -9999 -9999 -9999 -9999 18444 18457 18457 18457 18457 18466 18457 18457 18444 18444 18444 18444 18444 18444 -9999 -9999 -9999 -9999 -9999 -9999 18457 19284 18476 19275 18480 18656 18480 18480 18480 1029 1029 1029 1029 1332 1213 1219 1325 1325 1332 1332 19276 1221 1118 1213 1160 1332 1332 1332 1325 1325 1325 1325 1325 1332 1213 1213 1325 1194 1332 1325 1325 1034 1332 1332 1332 1213 1118 1325 1325 1332 1291
18444 18444 18444 18443 19284 -9999 -9999 -9999 -9999 18444 18466 18457 18466 18476 18476 18457 18457 18457 18457 18457 18457 18444 18444 18444 18444 18444 -9999 -9999 -9999 -9999 18457 19275 18457 18457 18480 18480 18480 18461 1160 1096 1096 1332 1332 1332 1332 1332 1332 1213 1332 1332 1219 1332 1160 1122 1122 1118 1221 1332 1325 1325 1325 1332 1332 1213 1213 1332 1332 1221 1325 1325 1034 1332 1160 1096 1219 1325 1325 1325 1291 1291
18444 18444 18444 18443 19284 -9999 -9999 19284 18444 18444 18444 18457 18476 18476 18476 18457 18457 18457 18457 18466 18457 18457 18457 18444 18457 18457 18444 18444 18444 18444 19284 19275 18457 18466 18480 18519 18656 1160 1160 1325 1332 1332 1332 1332 1332 1332 1332 1332 1332 1160 1160 1332 1160 1213 1213 1118 1332 1332 1325 1325 1325 1332 1194 1194 19276 1332 1325 1221 1325 1325 1034 1096 1096 1118 1029 1325 1325 1325 1325 1291
18444 18444 18444 18444 19284 -9999 19284 -9999 18444 18444 18476 18476 18476 18476 18476 18457 18457 18457 18457 18457 18466 18466 18457 18457 18457 18457 18444 18457 18444 18444 -9999 19284 18466 18519 18461 19276 19276 19276 1325 1332 1332 1332 1325 1325 1332 1332 1332 1332 1332 1332 1332 1096 1160 1160 1213 1325 1325 1325 1325 1213 1213 1332 1213 1195 1332 1332 1221 1221 1221 1325 1096 1034 1194 1194 1096 1325 1213 1213 1122 1332
18444 18444 19284 19284 19284 -9999 19284 -9999 18457 18457 18476 18476 18476 18476 18457 18466 18476 18476 18476 18476 18457 18457 18466 18466 18466 18476 18476 18444 18444 18444 19277 19284 18519 18519 18656 18519 18528 18528 1325 1325 1325 1325 1325 1118 1332 1332 1332 1332 1332 1332 1332 1332 1213 1332 1332 1325 1325 1325 1213 1213 1213 1213 1213 1194 1332 1325 1221 1221 1221 1325 1213 1029 1029 1096 1221 1213 1213 1332 1325 1332
19284 19284 19284 19284 -9999 -9999 19284 19284 19284 19284 19284 19284 -9999 -9999 18444 18444 18466 18476 18476 18476 18476 18466 18466 18476 18476 18466 18457 18444 18444 19277 18454 19284 18519 18656 18656 18519 18656 18656 1325 1325 1325 19276 1118 1118 1332 1118 1118 1332 1118 1325 1325 1332 1332 1332 1332 1118 1122 1219 1219 1219 1219 1325 1213 1213 1325 1325 1221 1325 1325 1325 1213 1029 1332 19276 1096 1213 1325 1325 1332 1332
19284 19284 19284 19284 19284 19284 19284 19284 19284 19284 19284 -9999 -9999 -9999 19284 18444 18466 18476 18466 18457 18466 18476 18476 18476 18476 18457 18457 19277 19284 19284 18454 18454 18457 18519 18519 18656 18656 1332 1332 1332 1122 1332 1332 1118 1118 1118 19276 1332 1118 1118 1325 1325 1332 1332 1332 1332 1332 1325 1219 1219 1219 1219 1213 1213 1259 1325 1325 1219 1219 1325 1029 1332 1118 1118 1122 1332 1325 1325 1096 1332
-9999 19284 19284 19284 19284 19284 19284 19284 19284 19284 19284 19284 -9999 -9999 18444 18444 18457 18476 18476 18466 18457 18457 18476 18476 18466 18457 18457 19284 18444 18444 18444 18454 18454 18519 18476 18461 18656 1160 1325 1332 1332 1118 1118 1332 1118 1118 1169 1118 1332 1160 1325 1325 1332 1118 1118 1118 1122 1219 1219 1219 1237 1219 1237 1213 1213 1213 1213 1213 1213 1029 1029 1332 1213 1213 1213 1325 1122 1122 1325 1308
-9999 -9999 19284 19284 19284 19284 19284 19284 19284 19284 19284 19284 -9999 -9999 18444 18444 18444 18457 18466 18466 18476 18457 18476 18476 18457 18457 18457 18444 18444 18444 18444 18454 18457 18466 18476 18656 18656 1325 1325 1096 19276 1096 1118 1118 1122 1118 1118 1118 1118 1332 1160 1332 1332 1169 1118 1118 1122 1160 1118 1332 1219 1213 1213 1213 1325 1325 1252 19277 19276 19276 1252 1332 1332 1122 1122 1122 1325 1325 1308 1308
