EPSG_25832/clc_buek_grid_profile_25832_23.asc
ncols        641
nrows        866
xllcorner    280356.848233341298
yllcorner    5235360.556800000370
cellsize     1000.000000000000
NODATA_value -9999
[rows 35 to 69 of 866, columns 160 to 239 of 641]
-9999 -9999 -9999 -9999 -9999 -9999 -9999 -9999 -9999 -9999 -9999 -9999 -9999 19284 19284 -9999 -9999 19284 -9999 -9999 -9999 10347 10389 10389 10389 10389 10389 10374 10374 10389 10389 10389 10374 19284 19284 19284 19284 -9999 -9999 -9999 10415 10415 10423 10423 10415 10415 10415 10421 10429 10429 10421 10444 10437 10444 10773 10773 10773 19277 19277 10679 10679 10708 10697 10781 10773 10773 10773 10773 10773 10773 10773 10773 10773 10773 10768 10781 10781 10781 10773 10773
-9999 -9999 -9999 -9999 -9999 -9999 -9999 -9999 -9999 -9999 -9999 -9999 -9999 -9999 -9999 -9999 -9999 19284 19284 -9999 -9999 10347 10360 10347 10347 10389 10389 10389 10389 10389 10389 10389 10389 19284 19284 19284 19284 19284 19284 10444 10444 10444 10415 10415 10415 10415 10429 10437 10429 10421 10421 10444 10444 10444 10444 10444 10773 10773 10773 10773 10708 10741 10781 10781 10790 10773 10773 10773 10773 10773 10697 10773 10773 10773 10768 10781 10773 10773 10773 10773
-9999 -9999 -9999 -9999 -9999 -9999 -9999 -9999 -9999 -9999 -9999 -9999 -9999 -9999 -9999 -9999 -9999 19284 19284 -9999 19284 10360 10360 10360 10360 10389 10389 10389 10389 10389 10389 10389 10389 10389 19284 19284 19284 19284 19284 10444 10444 10444 10415 10415 10423 10423 10437 10437 10437 10421 10444 10444 10437 10437 10437 10444 10444 10437 10773 10773 10741 10773 10773 10678 10773 10773 10773 10773 10773 10773 10773 10773 10773 10685 10685 10685 10773 10781 10781 10773
-9999 -9999 -9999 -9999 -9999 -9999 -9999 -9999 -9999 -9999 -9999 -9999 -9999 -9999 -9999 -9999 -9999 19284 19284 -9999 10347 10347 10342 10342 10380 10389 10389 10360 10342 10342 10389 10389 10389 19284 19284 19284 19284 19284 19284 -9999 -9999 -9999 10415 19284 10423 10423 10444 10423 10446 10421 10421 10421 10421 10437 10444 10444 10429 10444 10444 10773 10773 10773 10773 10781 10790 10773 10773 10773 10773 10773 10773 10773 10773 10773 10773 10773 10773 10773 10773 10773
-9999 -9999 -9999 -9999 -9999 -9999 -9999 -9999 -9999 19284 19284 -9999 -9999 -9999 -9999 -9999 19284 10338 19284 19284 10342 10342 10342 10342 10347 10380 10360 10342 10342 10342 10342 10389 10389 19284 19284 19284 19284 19284 19284 -9999 -9999 -9999 -9999 19284 10415 10421 10423 10423 10444 10444 10444 10444 10444 10444 10444 10429 10768 10768 10768 10437 10437 10773 10773 10790 10790 10773 10773 10773 10773 10773 10773 10773 10773 10773 10773 10773 10773 10773 10773 10773
-9999 -9999 -9999 -9999 -9999 -9999 -9999 -9999 -9999 19284 19284 -9999 -9999 -9999 -9999 19284 19284 10374 -9999 19284 19284 -9999 -9999 10370 10342 10342 10342 10342 10342 10342 10342 10342 10389 19284 19284 19284 19284 19284 19284 -9999 -9999 -9999 -9999 10411 10415 10415 10423 10423 10444 10444 10444 10444 10444 10437 10437 10437 10429 10429 10773 10773 10773 10437 10773 10773 10773 10773 10781 10773 10773 10781 10773 10773 10773 10773 10773 10773 10773 10773 10773 10773
-9999 -9999 -9999 -9999 -9999 -9999 -9999 -9999 -9999 -9999 -9999 -9999 -9999 -9999 19284 10392 10338 10342 -9999 -9999 19284 19284 -9999 -9999 10342 10342 10342 10342 10342 10342 10342 10342 19284 19284 -9999 19284 19284 19284 -9999 -9999 -9999 -9999 19284 10411 19284 10415 10415 10415 10444 10446 10444 10437 10437 10437 10437 10429 10773 10773 10773 10773 10773 10773 10773 10773 10781 10773 10773 10773 10781 10773 10781 10773 10773 10773 10773 10773 10773 10773 10781 10773
-9999 -9999 -9999 -9999 -9999 -9999 -9999 -9999 -9999 -9999 19284 19284 19284 19284 10392 10338 10357 10342 -9999 19284 19284 19284 19284 19284 -9999 -9999 -9999 19284 -9999 -9999 10342 19284 -9999 19284 19284 19284 19284 -9999 -9999 -9999 -9999 -9999 19284 10411 10411 10411 10415 10444 10444 10446 10444 10444 10437 10429 10781 10773 10773 10773 10773 10773 10773 10773 10773 10773 10773 10773 10773 10773 10773 10773 10773 10728 10728 10697 10773 10773 10773 10773 10773 10773
-9999 -9999 -9999 -9999 -9999 -9999 -9999 -9999 -9999 -9999 19284 19284 19284 19284 10392 10338 10357 10342 10342 -9999 19284 19284 19284 19284 19284 19284 19284 19284 19284 19284 19284 -9999 -9999 -9999 19284 19284 19284 -9999 -9999 -9999 -9999 19284 19284 19284 10411 10411 10411 10444 10444 10444 10444 10444 10444 10773 10773 10773 10773 10773 10773 10773 10773 10773 10773 10773 10773 10773 10773 10773 10773 10773 10773 10768 10728 10697 10720 10720 10773 10773 10773 10773
-9999 -9999 -9999 -9999 -9999 -9999 -9999 -9999 -9999 -9999 19284 19284 -9999 19284 10392 10338 10338 10342 10342 19284 19284 19284 19284 19284 19284 19284 -9999 19284 -9999 -9999 19284 19284 -9999 19284 19284 19284 -9999 -9999 -9999 -9999 19284 19284 -9999 -9999 -9999 -9999 10411 10444 10444 10444 10444 10444 10444 10773 10720 10773 10720 10720 10714 10741 10773 10773 10773 10773 10773 10773 10794 10773 10773 10714 10768 10674 10674 10794 10794 10794 10794 10794 10773 10781
-9999 -9999 -9999 -9999 -9999 -9999 -9999 -9999 -9999 -9999 -9999 -9999 -9999 -9999 19284 10392 10338 10342 10342 10342 19284 19284 19284 -9999 -9999 19284 19284 19284 -9999 -9999 -9999 -9999 -9999 -9999 -9999 -9999 -9999 -9999 -9999 19284 19284 -9999 -9999 -9999 -9999 -9999 -9999 10396 10444 10415 10415 10423 10423 10773 10720 10714 10720 10694 10714 10714 10741 10781 10773 10773 10773 10773 10773 10773 10697 10714 10714 10747 10674 10794 10794 10794 10794 10674 10794 10781
-9999 -9999 -9999 -9999 -9999 -9999 -9999 -9999 -9999 -9999 -9999 -9999 -9999 -9999 -9999 19284 10392 10338 10342 10342 19284 19284 -9999 -9999 19284 19284 -9999 -9999 -9999 19284 -9999 -9999 -9999 19284 -9999 -9999 -9999 19284 19284 19284 19284 -9999 -9999 -9999 -9999 -9999 -9999 -9999 10415 10415 10415 10415 10423 10437 10694 10694 10720 10720 10720 10714 10714 10773 10714 10697 10781 10781 10773 10773 10706 10714 10714 10747 10694 10794 10781 10674 10674 10674 10794 10694
-9999 -9999 -9999 -9999 -9999 -9999 -9999 -9999 -9999 -9999 -9999 -9999 -9999 -9999 -9999 19284 19284 10338 10338 10338 19284 19284 -9999 19284 19284 19284 -9999 -9999 19284 19284 19284 19284 -9999 -9999 -9999 19284 19284 19284 -9999 19284 19284 -9999 19284 19284 19284 -9999 -9999 -9999 -9999 10415 10415 10415 10415 10423 10444 10694 10694 10694 10720 10714 10714 10714 10714 10714 10781 10790 10674 10674 10773 10714 10697 10781 10781 10781 10781 10694 10694 10768 10694 10773
-9999 -9999 -9999 -9999 -9999 -9999 -9999 -9999 -9999 -9999 -9999 -9999 -9999 -9999 -9999 -9999 19284 10392 10392 10392 10392 10392 -9999 19284 19284 19284 19284 19284 19284 19284 19284 19284 19284 19284 19284 19284 19284 19284 -9999 -9999 19284 19284 19284 19284 19284 19284 -9999 -9999 -9999 10415 10415 10415 10415 10415 10415 10444 10694 10694 10720 10720 10714 10720 10720 10714 10781 10773 10773 10674 10674 10674 10674 10781 10720 10720 10720 10720 10694 10768 10694 10773
-9999 -9999 -9999 -9999 -9999 -9999 -9999 -9999 -9999 -9999 -9999 -9999 -9999 -9999 -9999 -9999 -9999 19284 10392 10392 10392 -9999 -9999 19284 19284 19284 19284 19284 19284 19284 19284 19284 19284 19284 -9999 19284 19284 -9999 19284 19284 19284 19284 -9999 -9999 -9999 19284 19284 -9999 -9999 -9999 10415 10415 10415 10415 10415 10415 10444 10694 10694 10694 10694 10720 10714 10773 10781 10773 10773 10773 10773 10781 10781 10781 10794 10720 10720 10720 10790 10790 10678 10773
-9999 -9999 -9999 -9999 -9999 -9999 -9999 -9999 -9999 -9999 -9999 -9999 -9999 -9999 -9999 -9999 -9999 19284 19284 19284 19284 -9999 -9999 19284 19284 19284 19284 19284 19284 19284 19284 -9999 -9999 -9999 19284 19284 19284 19284 19284 19284 -9999 -9999 -9999 -9999 -9999 19284 19284 -9999 -9999 -9999 -9999 -9999 10415 10415 10415 10415 10423 10444 10694 10694 10694 10694 10694 10773 10773 10773 10773 10773 10714 10714 10714 10714 10694 10794 10794 10720 10790 10790 10781 10781
-9999 -9999 -9999 -9999 -9999 -9999 -9999 -9999 -9999 -9999 -9999 -9999 -9999 -9999 -9999 -9999 -9999 -9999 -9999 -9999 -9999 -9999 -9999 -9999 -9999 -9999 -9999 -9999 -9999 19284 -9999 19284 19284 -9999 19284 -9999 -9999 19284 19284 -9999 -9999 -9999 -9999 19284 -9999 19284 19284 -9999 -9999 -9999 -9999 -9999 19284 10415 10415 10415 10415 10423 10697 10697 10697 10697 10790 10790 10773 10674 10674 10781 10714 10714 10714 10714 10714 10781 10697 10790 10790 10697 10697 10781
-9999 -9999 -9999 -9999 -9999 -9999 -9999 -9999 -9999 -9999 -9999 -9999 -9999 -9999 -9999 -9999 -9999 -9999 -9999 -9999 -9999 -9999 -9999 -9999 19284 19284 19284 19284 19284 19284 19284 19284 19284 19284 19284 19284 19284 -9999 -9999 -9999 -9999 19284 -9999 19284 19284 19284 19284 -9999 -9999 19284 19284 -9999 19284 19284 10415 10415 10415 10423 10437 10720 10720 10697 10697 10697 10714 10714 10678 10734 10781 10781 10741 10781 10781 10781 10697 10697 10697 10697 10697 10697
-9999 -9999 -9999 -9999 -9999 -9999 -9999 -9999 -9999 -9999 -9999 -9999 -9999 -9999 -9999 -9999 -9999 -9999 -9999 -9999 -9999 -9999 -9999 -9999 19284 10392 10392 -9999 19284 19284 19284 19284 19284 -9999 -9999 -9999 -9999 -9999 -9999 -9999 19284 19284 19284 -9999 19284 19284 19284 19284 19284 19284 -9999 19284 19284 10411 10415 10415 10415 10423 10423 10437 10720 10437 10697 10697 10714 10679 10734 10694 10694 10720 10697 10697 10697 10741 10697 10697 10741 10697 10697 10697
-9999 -9999 -9999 -9999 -9999 -9999 -9999 -9999 -9999 -9999 -9999 -9999 -9999 -9999 -9999 -9999 -9999 -9999 -9999 -9999 -9999 -9999 -9999 19284 19284 10392 -9999 -9999 -9999 19284 19284 -9999 -9999 -9999 -9999 -9999 -9999 19284 19284 19284 19284 19284 19284 19284 19284 19284 19284 19284 19284 19284 19284 19284 19284 19284 10415 10415 10415 10423 10423 10444 10444 10437 10448 10451 10678 10734 10694 10694 10694 10720 10697 10697 10697 10697 10697 10697 10790 10741 10773 10773
-9999 -9999 -9999 -9999 -9999 -9999 -9999 -9999 -9999 -9999 -9999 -9999 -9999 -9999 -9999 -9999 -9999 -9999 -9999 -9999 -9999 -9999 -9999 19284 10392 10392 -9999 -9999 -9999 -9999 -9999 19284 19284 19284 19284 19284 -9999 -9999 19284 19284 -9999 19284 19284 19284 19284 19284 19284 -9999 -9999 19284 -9999 19284 19284 10411 10411 10423 10423 10423 10423 10444 10437 10437 10448 10448 10790 10790 10790 10694 10790 10720 10790 10790 10790 10697 10697 10697 10697 10697 10773 10781
-9999 -9999 -9999 -9999 -9999 -9999 -9999 -9999 -9999 -9999 -9999 -9999 -9999 -9999 -9999 -9999 -9999 -9999 -9999 -9999 -9999 -9999 -9999 19284 19284 19284 19284 19284 -9999 -9999 19284 19284 19284 19284 19284 -9999 10374 -9999 10372 10372 10372 -9999 19284 19284 19284 19284 19284 -9999 -9999 19284 19284 19284 19284 19284 10411 10423 10423 10423 10444 10444 10437 10437 10448 10451 10790 10790 10790 10790 10790 10714 10697 10790 10794 10790 10790 10697 10781 10781 10781 10781
-9999 -9999 -9999 -9999 -9999 -9999 -9999 -9999 -9999 -9999 -9999 -9999 -9999 -9999 -9999 -9999 -9999 -9999 -9999 -9999 -9999 -9999 -9999 19284 19284 10392 10392 -9999 -9999 19284 19284 19284 19284 19284 19284 10374 10374 10374 10372 10374 10374 -9999 19284 -9999 19284 19284 19284 -9999 19284 19284 -9999 19284 19284 19284 19284 19284 10423 10444 10444 10437 10437 10429 10429 10451 10781 10720 10781 10720 10720 10720 10697 10697 10697 10790 10790 10790 10790 10790 10790 10781
-9999 -9999 -9999 -9999 -9999 -9999 -9999 -9999 -9999 -9999 -9999 -9999 -9999 -9999 -9999 -9999 -9999 -9999 -9999 -9999 -9999 -9999 -9999 -9999 19284 10392 10392 10392 -9999 19284 19284 -9999 19284 10374 10374 10374 10374 10389 10389 10374 10372 19284 19284 -9999 -9999 -9999 19284 19284 19284 19284 -9999 19284 19284 10411 10411 19284 19284 10411 10437 10773 10773 10773 10781 10781 10773 10720 10697 10720 10720 10697 10734 10697 10697 10697 10734 10741 10697 10697 10741 10741
-9999 -9999 -9999 -9999 -9999 -9999 -9999 -9999 -9999 -9999 -9999 -9999 -9999 -9999 -9999 -9999 -9999 -9999 -9999 -9999 -9999 -9999 -9999 -9999 19284 10392 10392 10392 -9999 -9999 19284 -9999 19284 10374 10374 10374 10374 10374 10389 10372 10372 19284 -9999 -9999 -9999 -9999 19284 19284 19284 19284 10372 10411 10411 10411 10411 10411 10411 10411 10411 10706 10697 10697 10781 10773 10773 10720 10697 10697 10697 10720 10697 10697 10697 10697 10697 10697 10697 10697 10697 10697
-9999 -9999 -9999 -9999 -9999 -9999 -9999 -9999 -9999 -9999 -9999 -9999 -9999 -9999 -9999 -9999 -9999 -9999 -9999 -9999 -9999 -9999 -9999 -9999 19284 10392 10392 10392 19284 19284 19284 19284 19284 10374 10374 10374 10389 10389 10389 10389 -9999 19284 -9999 19284 -9999 -9999 -9999 -9999 -9999 10374 10374 10372 10372 10372 10372 10372 10411 10411 -9999 10706 10697 10697 10773 10720 10720 10720 10714 10697 10720 10720 10720 10697 10697 10697 10697 10697 10697 10697 10697 10697
-9999 -9999 -9999 -9999 -9999 -9999 -9999 -9999 -9999 -9999 -9999 -9999 -9999 -9999 -9999 -9999 -9999 -9999 -9999 -9999 -9999 -9999 -9999 -9999 10392 10392 10392 19284 19284 -9999 19284 -9999 -9999 10374 10374 10374 10374 10389 10374 10374 19284 19284 19284 19284 -9999 -9999 -9999 10374 10374 10374 10374 10374 10372 10372 10372 10372 10372 -9999 -9999 10706 10720 10697 10773 10773 10714 10714 10714 10697 10697 10697 10697 10697 10697 10697 10697 10697 10697 10697 10697 10697
-9999 -9999 -9999 -9999 -9999 -9999 -9999 -9999 -9999 -9999 -9999 -9999 -9999 -9999 -9999 -9999 -9999 -9999 -9999 -9999 -9999 19284 19284 19284 19284 19284 19284 19284 19284 19284 19284 19284 19284 19284 10374 10374 10374 10374 10374 19284 19284 -9999 19284 -9999 -9999 19284 19284 10374 10374 10374 10374 10374 10372 10372 10372 10372 10372 19284 19284 10396 10396 10720 10697 10697 10697 10720 10720 10720 10734 10714 10714 10697 10697 10697 10714 10714 10697 10697 10697 10697
-9999 -9999 -9999 -9999 -9999 -9999 -9999 -9999 -9999 -9999 -9999 -9999 -9999 -9999 -9999 -9999 -9999 -9999 -9999 -9999 -9999 19284 19284 19284 19284 19284 19284 19284 19284 19284 19284 19284 19284 -9999 10374 10374 10374 10374 19284 19284 -9999 19284 19284 19284 19284 19284 19284 10374 10374 10374 10374 10374 10372 10372 10372 10372 -9999 19284 19284 -9999 10423 10437 10697 10720 10720 10720 10720 10720 10728 10714 10697 10720 10720 10697 10720 10714 10697 10697 10697 10697
-9999 -9999 -9999 -9999 -9999 -9999 -9999 -9999 -9999 -9999 -9999 -9999 -9999 -9999 -9999 -9999 -9999 -9999 -9999 -9999 -9999 19284 19284 19284 19284 19284 19284 -9999 -9999 -9999 -9999 19284 19284 -9999 -9999 19284 19284 -9999 -9999 -9999 19284 19284 -9999 -9999 -9999 -9999 -9999 10374 10374 10374 10374 10374 10374 10372 10372 19284 19284 19284 19284 19284 10415 10423 10697 10697 10697 10697 10697 10697 10734 10714 10714 10720 10720 10697 10720 10697 10697 10720 10790 10790
-9999 -9999 -9999 -9999 -9999 -9999 -9999 -9999 -9999 -9999 -9999 -9999 -9999 -9999 -9999 -9999 -9999 -9999 -9999 -9999 -9999 -9999 19284 -9999 10392 10392 -9999 -9999 -9999 -9999 -9999 -9999 -9999 19284 -9999 -9999 -9999 -9999 -9999 -9999 19284 -9999 -9999 -9999 -9999 -9999 -9999 10374 10374 10374 10374 10374 10374 10374 10372 19284 19284 19284 -9999 -9999 10415 10415 10437 10720 10720 10720 10720 10720 10720 10720 10720 10720 10720 10697 10697 10697 10697 10720 10697 10697
-9999 -9999 -9999 -9999 -9999 -9999 -9999 -9999 -9999 -9999 -9999 -9999 -9999 -9999 -9999 -9999 -9999 -9999 -9999 -9999 -9999 -9999 19284 19284 10392 10392 -9999 -9999 -9999 -9999 -9999 -9999 19284 19284 -9999 -9999 -9999 19284 19284 19284 19284 -9999 -9999 -9999 -9999 -9999 19284 19284 10374 10374 10374 10374 10374 10374 19284 19284 -9999 -9999 10415 10415 10415 10423 10437 10437 10697 10697 10697 10685 10685 10720 10720 10697 10720 10697 19276 10697 10709 10697 10697 10697
-9999 -9999 -9999 -9999 -9999 -9999 -9999 -9999 -9999 -9999 -9999 -9999 -9999 -9999 -9999 -9999 -9999 -9999 -9999 -9999 -9999 -9999 19284 19284 10392 10392 10392 -9999 -9999 -9999 -9999 19284 19284 -9999 -9999 -9999 19284 19284 19284 19284 19284 19284 19284 19284 19284 19284 19284 19284 19284 19284 -9999 19284 19284 19284 19284 19284 10415 10415 10414 10415 10415 10423 10423 10437 10437 10448 10697 10685 10685 10685 10685 10697 10720 10720 10720 10697 10697 10697 10720 10475
-9999 -9999 -9999 -9999 -9999 -9999 -9999 -9999 -9999 -9999 -9999 -9999 -9999 -9999 -9999 -9999 -9999 -9999 -9999 -9999 -9999 -9999 -9999 19284 10392 10392 10392 -9999 -9999 -9999 -9999 19284 -9999 -9999 -9999 -9999 19284 19284 -9999 19284 19284 19284 19284 19284 19284 19284 19284 19284 19284 19284 -9999 -9999 19284 19284 19284 -9999 10415 10415 10415 10415 10423 10421 10437 10437 10423 10448 10448 10685 10685 10685 10720 10720 10720 10720 10720 10720 10697 10720 10475 10472
-9999 -9999 -9999 -9999 -9999 -9999 -9999 -9999 -9999 -9999 -9999 -9999 -9999 -9999 -9999 -9999 -9999 -9999 -9999 -9999 -9999 -9999 -9999 -9999 10392 10392 10392 10392 10392 19284 19284 -9999 -9999 -9999 19284 19284 19284 19284 19284 19284 19284 19284 19284 -9999 -9999 19284 19284 -9999 19284 19284 -9999 19284 19284 19284 -9999 10415 10415 10423 10415 10423 10421 10421 10423 10421 10423 10437 10448 10448 10685 10451 10741 10720 10720 10720 10720 10697 10472 10472 10472 10466
