EPSG_25832/clc_buek_grid_profile_25832_31.asc
ncols        641
nrows        866
xllcorner    280356.848233341298
yllcorner    5235360.556800000370
cellsize     1000.000000000000
NODATA_value -9999
[rows 210 to 244 of 866, columns 160 to 239 of 641]
18510 18629 18538 18629 18629 18506 18506 18506 18518 18518 18627 18629 18656 18461 18461 18461 18466 18466 18461 18461 18461 18656 18656 18461 18466 18466 18466 18466 18466 18466 18466 18466 18466 19276 19276 18572 18506 1122 1223 1315 1034 1034 1034 1034 1029 1029 1029 1332 1332 1332 1332 1332 1315 1315 1251 1251 1331 1331 1331 1331 1331 1331 1331 1331 1331 1309 1096 1214 1251 1223 1309 1309 1122 1122 1214 1214 1214 1251 1251 1331
18629 18629 18629 18629 18629 18506 18518 18518 18518 18510 18629 18629 18461 18670 18461 18461 18466 18656 18656 18656 18669 18669 18669 18461 18466 18467 18467 18466 18466 18466 18466 18466 18466 19276 19277 18466 18466 1034 1034 1034 1246 1034 1029 1034 1034 1029 1029 1029 1029 1332 1332 1332 1315 1315 1315 1251 1251 1331 1331 1331 1251 1331 1331 1331 1331 1096 1251 1251 1315 1214 1309 1309 1122 1122 1122 1122 1251 1251 1251 1251
18669 18629 18510 18510 18510 18510 18518 18518 18510 18461 18656 18656 18656 18670 18656 18656 18656 18656 18622 18669 18669 18669 18669 18656 18656 18461 18466 18466 18467 18466 18466 18466 18466 18466 19277 18466 18466 19277 19277 19284 1246 1029 1029 1029 1029 1029 1029 1029 1029 1332 1332 1315 1309 1309 1309 1332 1331 1331 1331 1331 1331 1331 1331 1331 1331 1214 1251 1315 1122 1096 1309 1214 1096 1122 1315 1315 1315 1096 1251 1214
18669 18669 18510 18510 18510 18510 18506 18492 18629 18492 18670 18670 18656 18662 18629 18656 18655 18622 18622 18669 18669 18669 18656 18656 18670 18670 18461 18467 18467 18466 18466 18466 18466 18466 18466 18466 18466 19277 19277 19277 19277 1246 1029 1029 1029 1029 1029 1029 1029 1029 1332 1315 1315 1251 1309 1332 1251 1331 1331 1331 1331 1331 1331 1331 1331 1096 1251 1315 1332 19276 1214 1214 1096 1096 1315 1315 1251 1251 1251 1096
18669 18669 18510 18510 18510 18510 18510 18629 18629 18629 18670 18670 18622 18622 18629 18600 18600 18655 18669 18669 18670 18600 18600 18670 18670 18670 18670 18656 18656 18466 18466 18466 18466 18466 18466 18466 19277 19277 19277 19277 19279 1246 1246 1029 1029 1029 1029 1029 1029 1029 1029 1315 1315 1251 1332 1332 1332 1332 1331 1251 1251 1331 1331 1331 1214 1096 1315 1315 1214 1096 1096 1214 1096 1214 1214 1251 1331 1331 1214 1096
18669 18669 18669 18629 18538 18510 18492 18510 18510 18510 18510 18624 18622 18622 19276 18648 18648 18600 18655 18652 18563 18563 18572 18670 18670 18670 18670 18656 18656 18656 18466 18467 18466 18466 18466 18466 18466 1034 1034 19277 19277 19279 19279 1246 1029 1029 19282 1034 1029 1029 1029 1029 1315 1251 1251 1332 1332 1332 1309 1309 1331 1315 1315 1251 1251 1251 1315 1315 1096 1096 1214 1122 1122 1122 1122 1096 1122 1096 1096 1096
18669 18669 18669 18669 18510 18492 18510 18510 18510 18510 19277 19278 18622 18622 18600 18648 18600 18600 18600 18518 18518 18518 18506 18563 19276 18670 18656 18656 18656 18670 18656 18461 18461 18466 18466 18466 18466 1034 1034 1034 19277 19279 19279 1246 1246 1029 1034 1029 1029 1029 1029 1029 1251 1315 1251 1332 1309 1332 1309 1315 1315 1315 1315 1315 1315 1315 1315 1315 1315 1251 1331 1309 1122 1315 1315 19276 1096 1315 1315 1315
18669 18669 18669 18669 18510 18492 18510 18510 18510 18670 19277 18622 18622 18622 18622 18600 18648 18600 18648 18506 18506 18506 18506 18506 18506 18506 18643 18656 18656 18656 18656 18629 18461 18466 18466 18466 18466 1034 1034 1034 19282 19279 19279 19279 1246 19276 1029 1029 1029 19277 19277 19276 1315 1315 1315 1315 1309 1309 1332 1332 1332 1332 1315 1315 1315 1315 1315 1315 1315 1315 1315 1315 1315 1315 1096 1315 1315 1315 1315 1315
18669 18669 18669 18669 18510 18510 18492 18510 18510 18510 18622 18622 18622 18622 18643 18600 18600 18572 18506 18506 18506 18506 18572 18572 18506 18563 18506 18518 18506 18572 18506 18629 18629 18629 18461 18461 18466 1034 1034 19277 19277 1034 19279 1034 19279 1246 19276 19276 1029 19276 19276 19276 1315 1315 1315 1315 1315 1332 1332 1332 1332 1315 1309 1309 1315 1315 1315 1309 1309 1315 1315 1251 1251 1315 1315 1315 1315 1315 1315 1122
18579 18579 18669 18603 18510 18579 18492 18600 18579 18622 18672 18611 18611 18610 18643 18643 18600 18600 18506 18506 18506 18572 18572 18528 18506 18506 18518 18518 18493 18506 18506 18506 18629 18629 18629 18629 18629 1034 1034 1034 19277 19277 19279 19276 19279 1246 1246 1029 19276 19276 19276 19276 19276 1315 1315 1315 1315 1332 1332 1332 1332 1309 1309 1309 1309 1309 1122 1122 1309 1331 1332 1251 1251 1251 1251 1246 1246 1315 1315 1315
18669 18579 18609 18648 18600 18579 18492 18600 18579 18510 18622 18622 18611 18611 18643 18643 18600 18629 18629 18506 18506 18506 18506 18506 18506 18518 18518 18518 18493 18493 18506 18506 18506 18629 18592 18592 18629 1315 1315 1034 1034 1034 1034 1034 19277 19277 19275 1246 1246 1315 19276 1315 1315 19276 1315 1315 1315 1315 1331 1096 1096 1309 1309 1309 1309 1122 1122 1122 1096 1331 1315 1332 1315 1315 1315 1315 1315 1251 1315 1246
18669 18669 18648 18648 18600 18579 18492 18492 18579 18510 18610 18610 18611 18610 18600 18643 18629 18600 18629 18518 18563 18506 18572 18506 18518 18518 18518 18518 18493 18493 18506 18506 19276 18629 18629 18629 18629 1315 1315 1315 1315 1034 1034 1034 19277 19275 19276 1034 1034 19276 1246 1315 1315 19277 1315 1315 1315 1315 1331 1096 19276 1096 1096 1309 1315 1122 1122 1122 1122 1315 1331 1331 1331 1267 1214 1214 1122 1214 1214 1214
18669 18669 18600 18579 18600 18579 18579 18492 18492 18579 19276 18611 18611 18611 18600 18643 18572 18563 18592 18611 18563 18629 18528 18506 18506 18518 18518 18528 18506 18563 18506 18506 19276 18629 18629 18629 18629 1315 1315 1315 1315 1315 19276 19276 19277 19277 19276 1034 1034 1034 1034 1246 1246 1315 1315 1315 1315 1315 1315 1332 19276 1122 19277 1096 1096 1315 1122 1122 1315 1331 1315 1331 1331 1214 1122 1122 1214 1214 1122 1122
18622 18622 18579 18600 18600 18600 18579 18600 18492 18492 18579 18611 18579 18611 18600 18629 18572 18563 18563 18563 18563 18528 18506 18506 18563 18506 18528 18528 18506 18506 18506 18563 18563 18629 19275 18629 18629 1315 1315 1315 1315 1315 1034 1034 19280 19280 19280 19276 19277 19276 1034 19279 1246 1246 1315 1315 1315 1315 1332 1315 19276 1122 1122 1096 1122 1122 1122 1331 1331 1331 1331 1331 1331 1214 1288 1214 1214 1205 1214 1214
18622 18579 18579 18579 18579 18600 18579 18600 18492 18492 18579 18579 18579 18600 18600 18600 18629 18563 18506 18506 18528 18572 18506 18572 18506 18506 18506 18506 18506 18506 18506 18563 18563 18629 18656 18629 18629 1315 1315 1315 1315 1315 1315 1034 1034 19280 1034 19276 19276 19276 19276 19279 1246 1246 1246 1315 1315 1315 1315 1262 1262 1332 1096 1096 1122 1214 1315 1331 1331 1331 1122 1331 1331 1331 1214 1122 1315 1315 1214 1214
18622 18579 18656 18579 18579 18579 18600 18579 18492 18492 18579 18579 18563 18600 18629 18629 18629 18506 18506 18518 18506 18506 18506 18528 18572 18656 18506 18506 18506 18563 18563 18563 18629 18629 18629 18629 18629 1315 1315 1315 1315 1315 1315 1034 1034 1034 1034 19276 19276 19276 1034 19277 19277 19281 1035 1034 1246 1315 1315 1338 1332 1332 1164 1122 1122 1122 1122 1122 1331 1331 1122 1331 1331 1331 1214 1214 1214 1214 1214 1214
18622 18579 18579 18600 18600 18600 18600 18579 18579 18492 18579 18563 18563 18563 18629 18629 18563 18506 18506 18563 18506 18506 18506 18528 18506 18656 18506 18506 18506 18563 18506 18563 18629 18629 18629 18629 18629 1315 1315 1315 1315 1315 1315 1315 1035 1035 1035 1035 1034 1035 19277 1034 1040 1040 1035 1040 1035 1075 1246 1262 1332 1122 1122 1122 1122 1122 1122 1331 1122 1331 1122 1331 1331 1309 1309 1309 1214 1122 1214 1214
18622 18579 18600 18600 18600 18600 18600 18600 18600 18600 18629 18579 18563 18563 18506 18528 18506 18506 18506 18563 18506 18506 18506 18506 18572 18506 18506 18506 18506 18506 18506 18563 18629 18629 18629 18629 18629 1315 1251 1251 1315 1315 1315 1315 1251 1251 1315 1035 1035 1035 1035 19277 19284 1041 1040 1035 1040 1075 1075 1246 1246 19276 19276 1122 1122 1122 1214 1122 1122 1122 1122 1122 1331 1262 1214 1309 1214 1122 1332 1338
18600 18600 18600 18600 18600 18600 18600 18587 18587 18563 18592 18629 18629 18563 18506 18528 18506 18506 18563 18563 18506 18506 18506 18506 18518 18518 18506 18506 18506 18506 18563 18629 18629 18629 18629 18592 18629 1315 1251 1251 1315 1315 1315 1315 1251 1251 1315 1315 1035 1035 1035 1035 1054 1056 1066 1056 1056 1056 1056 1054 1056 1054 19276 19276 1214 1122 1122 1122 1122 1122 1122 1214 1315 1315 1214 1214 1122 1122 1195 1332
18656 18600 18600 18611 18611 18587 18611 18587 18563 18563 18592 18592 18629 18629 18563 18563 18506 18518 18506 18506 18506 18506 18506 18506 18506 18506 18506 18506 18506 18506 18563 18563 18629 18629 18629 18629 18629 1315 1251 1251 1315 1251 1315 1251 1251 1251 1251 1315 1315 1315 1251 1054 1054 1054 1054 1056 1056 1056 1054 1056 1056 1054 1056 19276 19276 1056 1054 1122 1122 1122 1122 1214 1214 1315 1214 1214 1214 1214 1214 1214
18600 18600 18600 18611 18587 18587 18587 18587 18587 18506 18523 18506 18592 18638 18563 18506 18518 18518 18629 18506 18506 18506 18506 18506 18506 18506 18506 18506 18506 18563 18563 18563 18629 18629 18629 18629 18629 1315 1251 1251 1251 1315 1315 1251 1251 1251 1251 1251 1251 1251 19276 1315 1054 1054 1054 1054 1056 1054 1054 1054 1056 1056 1056 1054 1054 1054 1054 1054 1056 1122 1122 1262 1332 1315 1315 1315 1122 1122 1122 1195
18600 18656 18600 18611 18614 18587 18506 18587 18493 18506 18506 18587 18592 18592 18638 18563 18572 18506 18506 18572 18506 18506 18506 18506 18506 18506 18506 18506 18493 18563 18563 18563 18629 18662 18662 18592 18629 1315 1251 1251 1251 1315 1251 1251 1315 1251 1251 1251 1251 1251 1275 1275 1315 1315 1054 1054 1054 1054 1056 1054 1056 1054 1054 1054 1054 1054 1054 1054 1054 1054 1054 1214 1315 1315 1315 1122 1122 1122 1122 1195
18600 18656 18600 18614 18614 18614 18587 18493 18493 18587 18592 18592 18592 18592 18638 18563 18563 18506 18506 18563 18506 18506 18506 18506 18506 18506 18506 18506 18506 18506 18563 18563 18563 18563 18563 18563 18563 1251 1251 1251 1251 1251 1251 1315 1315 1251 1251 1251 1275 1275 1275 1275 1315 1315 1275 19276 1315 1062 1066 1062 1315 1054 1054 1054 1054 1056 1054 1054 1054 1054 1054 1054 1054 1315 1214 1214 1195 1195 1214 1214
18600 18592 18544 18544 18587 18573 18587 18587 18587 18587 18563 18563 18592 18592 18638 18563 18563 18506 18506 18506 18506 18506 18506 18506 18506 18506 18506 18506 18506 18506 18563 18563 18493 18563 18493 18563 18563 1214 1251 1214 1251 1251 1315 1315 1315 1251 1251 1251 1315 1251 1251 1251 1315 1315 1315 1275 1315 1315 1315 1066 19276 1315 1315 1054 1054 1315 1056 1054 1240 1054 1056 1054 1054 1054 1315 1214 1195 1195 1214 1214
18600 18592 18544 18493 18544 19276 18587 18493 18493 18493 18506 18563 18563 18592 18592 18563 18563 18506 18506 18506 18518 18506 18506 18506 18506 18506 18506 18506 18506 18506 18506 18506 18506 18563 18493 18493 18506 1214 1214 1122 1214 1214 1214 1251 1191 1191 1191 1191 1251 1251 1251 1251 1315 1315 1315 1315 1275 1315 1315 1315 1315 1315 1315 1315 1315 1315 1275 1054 1054 1054 1054 1054 1075 1054 1315 1195 1195 1214 1122 1122
18592 18592 18544 18544 18544 18563 18563 18493 18493 19276 18563 18563 18563 18592 18592 18592 18563 18506 18506 18506 18506 18506 18506 18506 18506 18506 18506 18506 18506 18506 18506 18493 18506 18506 18506 18506 18506 1122 1214 1214 1214 1122 1214 1191 1191 1204 1191 1191 1214 1191 1251 1251 1315 1315 1315 1315 1315 1315 1275 1315 1315 1315 1315 1315 1315 1251 1315 1054 1054 1054 1054 1054 1056 1066 1315 1315 1214 1214 1214 1122
18592 19284 18592 18544 18563 18563 18563 18563 18493 18493 18563 18506 18563 18563 18592 18592 18592 18563 18563 18563 18506 18506 18506 18563 18506 18506 18506 18506 18506 18506 18506 18493 18506 18506 18506 18506 18506 1214 1214 1214 1214 1122 1122 1230 1102 1102 1204 1191 1204 1204 1204 1204 1315 1315 1315 1315 1315 1275 1315 1315 1315 1315 1315 1315 1315 1315 1315 1075 1054 1054 1054 1054 1054 1062 1066 1214 1214 1214 1214 1214
18592 18544 18629 18592 18592 18544 18544 18506 18493 18506 18506 18563 18563 18563 18592 18563 18563 18563 18563 18563 18506 18506 18563 18493 18506 18506 18506 18506 18506 18506 18506 18563 18506 18506 18506 18506 18506 1214 1214 1214 1214 1214 1122 1102 1102 1102 1204 1204 1204 1204 1204 1204 1204 1315 1315 1315 1315 1275 1315 1315 1315 1315 1315 1315 1315 1315 1315 1054 19276 1054 1054 1054 1054 1062 1066 1214 1122 1214 1315 1122
18592 18518 18544 18544 18544 18544 18544 18544 18662 18662 18563 18563 18563 18656 18544 18563 18563 18563 18563 18563 18563 18563 18563 18563 18563 18506 18506 18506 18506 18506 18506 18572 18506 18493 18506 18506 18506 1214 1214 1214 1096 1214 1122 1102 1102 1102 1102 1204 1204 1102 1102 1204 1204 1315 1315 1315 1315 1275 1315 1315 1315 1315 1275 1251 1251 1315 1315 1054 1054 1054 1056 1054 1054 1075 1066 1214 1251 1251 1315 1315
18544 18518 18544 18544 18544 18544 18544 19276 18493 18493 18544 18563 18544 18544 18544 18544 18544 18563 18563 18563 18563 18635 18563 18563 18506 18506 18506 18506 18506 18506 18506 18506 18563 18506 18506 18506 18506 1122 1214 1214 1096 1214 1096 1102 1102 1102 1102 1204 1204 1102 1102 1204 1204 1315 1315 1315 1315 1315 1315 1315 1315 1275 1251 1251 1251 1315 1315 1054 1054 1054 1056 1054 1054 1075 1066 1066 1066 1066 1315 1214
18544 18518 18544 18544 18656 18544 18544 18544 18493 18528 18544 18544 18544 18528 18544 18544 18563 18563 18563 18563 18563 18563 18635 18563 18563 18563 18506 18563 18506 18506 18506 18506 18563 18506 18506 18506 18563 1122 1214 1214 1096 1214 1315 1122 1102 1102 1102 1102 1177 1102 1146 1102 1102 1315 1315 1315 1251 1315 1315 1315 1315 1315 1251 1251 1251 1251 1315 1054 1054 1054 1054 1054 1054 1075 1054 1066 1062 1062 1066 1205
18544 18493 18544 18544 18544 18544 18544 18518 18544 18493 18544 18544 18544 18544 18544 18563 18563 18563 18563 18573 19277 18563 18563 18563 18563 18563 18563 18563 18506 18506 18506 18506 18506 18506 18506 18506 18563 1122 1122 1122 1214 1096 1214 1315 1126 1102 1102 1102 1102 1177 1177 1177 1102 1177 1315 1338 1251 1315 1315 1315 1315 1315 1315 1251 1251 1251 1315 1075 1054 1054 1054 1054 1054 1054 1054 1062 1062 1062 1066 1066
18493 18493 18544 18544 18544 18544 18544 18518 18544 18544 18544 18544 18544 18544 18544 18563 18518 18563 18493 18573 18573 18563 18563 18629 18563 18563 18563 18563 18506 18506 18563 18563 18563 18506 18506 18506 18506 1122 1214 1214 1169 1096 1122 1169 1102 1122 1102 1191 1177 1102 1102 1177 1177 1230 1332 1338 1315 1315 1315 1315 1315 1315 1315 1315 1282 1282 1315 1315 1054 1075 1054 1054 1054 1054 1054 1054 1062 1062 1066 1066
18534 18544 18544 18544 18544 18544 18544 18544 18544 18544 18544 18493 18544 18493 18544 18518 18493 18493 18493 18493 18493 18563 18563 18553 18629 18563 18563 18563 18563 18506 18563 18563 18493 18506 18506 18506 18506 1122 1122 1096 1214 1214 1102 1169 1223 1126 1122 1102 1177 1102 1146 1102 1102 1230 1315 1338 1338 1315 1315 1315 1315 1315 1315 1315 1315 1282 1315 1315 1075 1075 1054 1054 1054 1054 1075 1075 1075 1075 1075 1066
18499 18534 18499 18544 18544 18544 18544 18544 18544 18544 18528 18493 18544 18493 18528 18518 18518 18493 18493 18493 18493 18493 18563 18553 18629 18506 18563 18563 18563 18506 18506 18563 18493 18563 18506 18506 18506 1122 1122 1214 1214 1122 1102 1102 1146 1102 1146 1102 1102 1102 1146 1146 1102 1230 1315 1315 1338 1338 1315 1315 1315 1315 1315 1315 1315 1315 1315 1315 1075 1075 1075 1054 1054 1054 1075 1075 1075 1075 1075 1066
