EPSG_25832/clc_buek_grid_profile_25832_general.asc
ncols        641
nrows        866
xllcorner    280356.848233341298
yllcorner    5235360.556800000370
cellsize     1000.000000000000
NODATA_value -9999
[rows 735 to 769 of 866, columns 240 to 319 of 641]
13724 13724 13882 13883 13883 13882 13882 12691 12691 13883 13882 13882 13724 13724 13724 13883 13883 13883 13883 13882 13883 13883 13883 13883 13883 13883 13884 13884 19276 13883 13882 13882 13882 6384 6384 6384 6384 13882 6387 12691 6384 6384 5942 13724 13724 5921 13724 5921 5921 13724 5921 5921 5942 14543 14543 14543 14489 19276 730 730 14394 14394 14394 14394 14394 14394 14394 14394 14537 14465 19277 19277 19276 19276 765 14537 14537 19276 14537 14537
13883 13882 13882 13883 13883 13882 12691 19276 13883 13882 13882 13882 13884 13882 13882 12668 13883 13883 13883 13882 13883 13883 13883 13882 13882 13883 13883 13884 13884 13883 13882 13882 13882 13882 6384 6384 13883 13882 6384 12691 6384 6387 6384 6384 5921 13724 13724 5921 5921 5924 5921 19276 5921 14543 19276 19276 14489 14394 14393 14394 14394 19276 19276 730 19276 19276 14441 14455 14574 14537 14537 14537 19276 14537 765 14441 14449 14537 14537 14465
13883 13882 13882 13883 13882 13882 13883 12668 13883 13882 13882 19276 13883 13884 12668 13884 12668 13883 13882 13884 13883 13883 13883 13883 13883 13883 13883 13884 13884 13884 13724 13724 13882 13883 6384 13884 13883 13884 6384 12691 12691 6384 6384 19276 5921 19276 19281 13724 5921 19277 19277 5921 19277 5942 19276 14490 730 730 19276 730 730 956 956 956 14441 14441 14441 19276 14565 14562 14571 14465 14537 14537 763 19277 14449 14537 14537 14546
12691 13882 13882 13882 13882 13882 13883 13883 13882 13882 13882 13883 13883 13884 19277 13883 19276 13884 13884 19277 13883 13883 13882 13883 13883 12684 13883 13882 13882 13882 13883 13724 13724 13882 19276 6384 13724 13724 19276 19276 12684 12683 12683 13724 19276 6429 19276 19276 5921 19276 19276 5924 5924 19276 14492 729 19276 730 19276 956 11998 956 956 956 19276 14541 14541 14465 14576 14562 14541 14537 14537 14537 765 19276 14537 14537 14546 14453
13882 13882 13882 13883 13883 13882 13882 13882 13883 13883 13883 13882 13884 13883 13883 12668 19276 19276 13883 13883 13884 13883 13882 12684 12684 12684 13883 13883 12684 12684 12683 12684 12683 13724 13882 13882 13724 13724 6429 13882 13724 13724 13724 6429 13724 5921 5945 5922 5922 19276 19276 19276 19276 19275 729 19276 19276 956 956 14454 1005 956 956 956 14442 14442 14449 14465 14537 14537 14537 14537 14537 14441 765 14441 14451 14543 14546 14453
12691 12684 13882 13884 13883 13883 13883 13882 19276 13883 13883 13883 13883 13883 13882 13883 13884 13883 13883 13882 13884 13884 13884 13724 13884 13884 12684 13883 12684 13883 13882 13883 12684 12684 13724 13724 13724 13724 13724 13724 13724 5922 5922 5924 5922 5921 5945 5945 5921 19276 19277 19275 19275 19275 19277 19277 19277 14454 1005 1005 14453 956 956 956 1005 14537 14537 14528 14537 14537 14543 14576 14537 14537 14537 765 14454 14543 14543 14455
12691 19276 13883 13882 13882 13883 13883 13882 13882 13724 13883 13882 13882 13882 13882 13882 13882 13882 13882 13882 13883 13882 13724 13724 13884 13884 13884 12684 12684 13884 13882 13884 19276 13883 13882 12683 13724 13882 5921 19282 13724 5922 5921 5921 5922 5922 5921 5921 5922 5921 19276 19276 19276 19276 19276 19277 19277 1002 1002 14454 14454 956 956 956 1005 14537 14537 14537 14537 14543 14543 14574 14543 14537 14537 765 14565 14454 14543 14453
19276 13883 13883 13882 13882 13882 13882 13882 13882 13882 6429 13882 13882 13882 13884 13884 13884 13882 13884 13884 13884 13883 13884 13882 13724 13883 13882 13884 12684 13884 13882 13882 13724 6418 13724 13724 13724 13882 5921 5921 5922 5922 5921 5921 5922 5922 5921 5921 5922 5921 19276 5643 5642 5642 19276 19277 1002 6443 6443 14454 14499 19276 956 1002 1005 14537 14537 14537 14465 14543 14543 14546 14543 14543 14537 6443 19276 14451 14453 14453
13883 13883 13883 13882 13882 13882 13882 13882 13882 13882 13882 13883 13884 13724 13883 13884 13884 13884 13883 13882 13884 19276 12684 13884 13883 13724 13724 13724 13724 13882 13724 13724 13882 19276 19277 13882 13882 13882 5922 5921 5921 5921 5921 5922 5921 5921 5921 5921 5913 5913 19277 5922 5643 5643 19276 14454 1002 1002 14454 14499 14541 1002 14565 14565 14565 14537 14543 14537 14537 14453 14546 14546 19276 14574 14543 6443 19276 14565 14571 14454
13882 13882 13882 13882 13884 13884 13882 13882 13882 13882 13724 13724 13724 13724 13724 13884 13884 13884 13882 13882 13884 13883 13884 12684 13724 13724 13883 13724 13724 13724 12670 13882 19276 13882 12691 13724 5921 5921 5921 5921 5922 5922 5922 5921 19276 5913 5913 5913 19277 19277 5643 19276 19276 5643 729 11998 1002 1002 14454 14541 14541 1002 14562 14560 14565 19276 14543 14454 14465 14455 14546 14546 14574 14571 14543 6443 763 14454 14449 14454
13882 13882 13883 13883 19276 13882 13883 13883 13882 13884 13883 13883 13882 13884 13883 13724 13884 13884 13884 13884 13883 13724 13724 13724 13724 13884 13882 12668 12668 12668 13884 13882 13724 13882 12691 13724 19281 13882 5922 5921 5922 5922 5922 5913 5913 5913 19276 5913 19277 19277 5936 19276 19276 5643 14394 14454 1002 14451 14565 14537 14537 1002 14560 14560 14537 19276 14453 14454 14537 14537 14546 14546 14571 14571 14543 19276 763 14537 14449 14449
13882 13883 19276 12691 13884 13884 13883 13883 13883 13884 12691 13883 13884 13883 13884 13724 13724 13883 13884 12684 12684 13884 13884 12684 12684 12684 12668 12668 12668 13724 13724 13724 13724 13882 12691 5921 5922 5922 5922 5921 5913 5913 5922 5922 5913 5913 5913 5643 5643 5936 5936 5936 5936 5936 14394 14394 19276 14466 14576 14537 14537 1007 1007 14560 14537 14441 14537 14454 14465 14537 14453 14546 14571 14571 14543 14469 6443 19276 14537 14455
13882 13882 13883 12691 13883 13882 13882 13883 13882 13884 13882 13882 13882 13882 13884 13884 13724 13884 13884 13883 12684 12684 13883 13883 13884 13884 13882 13884 13884 13884 13724 13882 13882 13884 19281 5921 5921 5921 5921 5913 5913 5913 5913 5913 5913 5913 5643 5643 5643 5936 5936 5936 5918 19276 14394 730 19277 14454 19276 14537 14537 1002 1002 14562 14537 14441 14537 14449 14454 14465 14465 14546 14571 14571 14543 14537 6443 763 14537 14451
13882 13884 13884 13884 13883 13884 13882 13883 13882 13882 13882 13882 13882 13883 13884 13884 13724 13882 13883 13724 13884 13882 13882 13882 13883 13882 13882 12668 13882 13882 13724 13882 19276 19276 19281 5921 5913 5913 5913 5913 5913 5913 5913 5913 5913 19276 19277 19284 5936 5918 5915 5920 5915 5948 14454 19276 19276 19276 19276 14537 14537 14537 1002 1002 14537 14537 14441 14449 14454 14465 14543 14453 14571 14571 14574 14543 14537 6442 14537 14451
13883 12691 13882 13884 19277 13882 13882 13883 13882 13882 13882 13884 13883 13882 13882 13882 6418 13724 13724 13882 13884 13884 12684 13882 13882 12684 12684 12668 13724 12670 13882 13882 12677 12677 5921 5942 5921 5913 5913 5913 5913 5913 5913 5913 5913 5642 5643 5643 5915 5915 5915 5915 5915 5915 14454 14454 14394 19276 19276 19276 14449 19276 1002 1005 14537 19276 14537 14449 14454 19276 14543 14465 14571 14571 14574 14543 14537 6443 763 14537
19276 13884 13883 13884 13883 13882 13882 13882 13882 13882 13882 13884 13884 12683 13884 13883 13724 13882 13884 13884 13884 13882 13884 13884 13884 12668 12684 12684 12670 12670 5945 13882 12707 12677 5921 5913 5942 5942 5942 5942 5942 5921 5913 5921 5921 5921 5921 5936 5915 5915 5915 5915 5936 5928 14454 14454 14454 730 730 908 14453 14537 1002 1002 19277 19276 19276 14541 14454 14543 14546 14537 14546 14571 14571 14543 14537 6443 763 14541
13884 13884 13882 13882 13882 13882 13882 13882 13884 13884 13884 13883 12683 12683 13884 13882 13724 13882 13884 13882 13882 13882 13884 13882 13884 12670 12707 12684 13817 5945 13884 13884 19277 6429 5942 5942 5942 5942 5945 5942 5942 19276 5921 5921 5535 5921 19276 5936 5936 5936 5936 5936 5939 19276 14454 14454 14394 14394 730 908 908 19276 14543 1007 1002 19276 19276 14571 14546 14543 14543 19276 14543 14571 14571 14571 14543 6443 765 14451
13882 13884 13882 13882 13882 13882 13882 13884 13884 12684 13884 12683 12683 13884 13882 13883 19276 13724 13882 13882 13882 13882 13884 13884 13817 13817 13817 13817 13817 13817 12670 19276 19277 19276 5942 5942 5942 5942 5942 5942 5921 5921 5921 5535 5535 5921 5936 5936 5936 5936 5936 5936 5936 5936 14454 14453 14453 14394 14394 730 908 19276 14543 1007 1002 1002 14451 14546 14543 14465 14452 14543 14453 14571 14571 14574 14560 6443 14543 14454
13882 13882 13883 13884 13882 13883 13882 13884 13884 13724 13884 13724 13724 12668 13883 13884 13884 13724 13882 13882 13883 13882 12668 13816 13817 13817 13817 13883 13882 12691 13882 5942 19276 19276 19276 5942 5942 5921 5921 5921 5921 5535 5535 5535 5921 5921 19276 5936 5936 19276 5936 5936 5936 5936 14490 14489 14453 14393 14394 19276 908 14453 14546 1002 1005 1005 19276 14546 14451 14454 14449 14543 14543 14571 14571 14562 14560 6443 14543 14454
13883 13882 13882 13884 13882 13883 19276 12684 13883 13882 13882 13882 13724 12670 19276 13884 13884 13882 13724 13884 13882 13882 13817 13817 13817 13817 19276 13882 12691 13882 5942 5942 5942 19277 5921 5921 5921 5921 5921 5535 5535 19276 5942 5921 5921 5936 5932 5936 5936 5936 5936 5936 5936 19276 14489 14571 14571 19276 14394 19276 908 14453 14453 11998 1005 1005 14454 14451 14449 14455 14465 14543 19276 14571 14571 14562 14571 763 763 14449
13884 12684 13884 13884 12683 12683 12691 12684 12684 12684 13882 13882 13882 13724 13882 13884 13884 13882 13882 13883 13882 13882 13884 13817 5936 13882 13884 13882 13882 5942 5942 5942 5942 11360 5921 5921 5921 5921 5921 5921 5924 5921 5921 5921 5921 5936 19276 5936 5936 5936 19276 5915 5915 5915 14489 14571 14571 14492 14394 14394 19276 14454 14454 1005 1007 6443 19276 14451 14451 14454 14465 14543 14449 14571 14571 14560 14560 19276 19276 14449
12691 12684 13882 13884 13882 12683 12684 12691 12684 12684 13883 13882 13882 13817 13816 13816 13816 13884 13882 13884 5913 13882 13883 13883 13884 13884 12684 5942 5942 5942 5942 5942 5942 5643 5921 5921 5921 5921 5922 5922 5922 5921 5921 5921 5921 5936 5936 5928 5936 5936 5936 5915 5915 5950 14562 14490 14571 14489 14492 14394 19276 908 14454 1005 1005 6443 14441 14451 14451 14454 14452 14449 14571 14571 14571 14560 14562 763 14452 14449
12691 12683 13884 13884 12684 12683 12683 12684 12684 13883 13883 13882 13724 13724 13882 13817 13817 13817 13884 13882 5913 13816 13882 13884 5936 5942 5942 5942 5921 5921 5921 5921 5643 5643 5921 5921 5921 5921 5922 5922 5921 5921 5921 5921 5936 5936 5936 5932 5932 5936 5936 5915 5915 5950 14562 14571 14571 14489 19276 19276 730 908 14455 1005 1005 6443 14441 14451 14451 14454 14451 14449 14571 14449 14571 14560 6443 765 14571 14449
12684 12683 13884 13883 12683 12683 13882 12683 13884 13883 13883 13816 13816 13724 13884 13884 13817 13817 13884 13882 13882 5642 5942 5942 5642 5643 5921 19276 5921 5942 19276 19276 5643 5643 5921 5921 5921 5921 5921 5921 5921 5921 5921 5921 19277 19276 5936 5936 19276 5932 5936 5915 5915 5950 14560 14490 14571 14489 14394 14394 19277 908 14546 1002 1002 6443 11998 14451 14451 14454 14451 14449 14571 14571 14560 14543 763 763 14451 14451
13882 12683 13884 12683 12683 12683 13882 13882 13884 13882 13882 13816 13724 13882 19276 13884 13817 13817 13884 5642 13884 5921 5921 5922 5921 5921 5642 19276 5643 5924 5643 5643 5643 5921 5921 5921 5921 5922 5922 5921 5921 5921 5921 5921 19276 19276 19276 5936 5936 5932 5932 5915 5915 5950 14562 14465 14489 14571 956 14394 19276 19276 19276 14577 1002 1002 1002 19276 14451 14455 14562 14449 14571 14571 763 19284 14441 14465 14449 14449
13884 12683 12683 12684 13884 12684 13883 13882 13884 13882 13884 13883 13817 13817 13817 5942 5942 13884 5642 5642 5922 5921 5921 5922 5921 5921 5942 5942 5643 5643 5643 5643 5921 5921 5921 5922 5921 5922 5921 5921 5942 5921 5921 5921 5936 5936 5936 19277 5936 5936 5932 5932 5915 5950 14562 14489 14490 14490 14504 19276 729 19276 908 1002 1002 1002 956 14449 14451 14455 14449 14449 14449 763 763 14440 14554 14465 14449 14571
13884 12684 12683 13884 13884 13882 13882 13724 13882 13816 13816 13883 13816 13817 13817 13817 5942 5942 5879 5942 5942 5924 5924 5922 5922 5924 5921 5921 5942 10 5921 5921 5921 5922 5922 5921 5921 5921 5921 5921 5921 5921 5921 5921 5936 19276 5936 5936 5915 5915 5932 5932 5910 5915 14560 14489 14490 14490 14504 19276 14394 908 908 1002 1005 1002 1002 14449 14449 14453 14449 14571 14449 6443 763 14554 14554 19276 14449 14449
13884 12684 13882 13883 13883 13884 13884 13884 13724 13882 13882 13817 13817 13817 13817 13817 12003 5642 5879 5879 5921 5924 5922 5922 5921 5921 5921 5921 5942 5942 5932 5921 5921 5922 5922 5922 5921 5921 5921 5921 5936 5921 5921 5921 5936 5936 5936 5936 5915 5918 19276 5932 5918 5915 14562 14489 14489 14490 14503 14393 14394 730 19276 14453 1002 1002 19276 956 14449 14449 14546 14449 14453 765 14554 14554 14465 14453 14465 14451
19276 13884 13884 13884 13884 13882 13882 12670 13724 13882 13817 13817 13817 13817 13816 5899 10 10 5877 5877 5879 5922 5922 5921 5921 5942 5945 5942 5921 5921 5921 5932 5921 5921 5922 5921 5921 5921 5921 5921 5921 5921 5942 11991 5936 5936 5936 5936 5942 5918 5918 5932 5915 5915 14574 19276 14489 14571 14492 14393 14394 730 956 14449 1002 1002 1005 956 14449 14449 14546 14453 763 19276 14554 14554 14453 14449 14453 14455
12684 12684 13882 13882 13882 13882 13883 13883 13816 13817 13817 13817 13817 13816 5899 5899 10 5642 12004 5899 5877 5921 5924 5899 5942 5942 5942 5945 5945 5921 5942 5924 5921 5921 5921 5921 5921 5921 5921 5921 5921 11991 11991 11991 5936 5936 19276 19276 5918 5918 5915 5932 19276 5922 14571 14489 14489 14571 14490 19276 14393 908 14451 14454 14455 1002 6443 1002 14455 14449 14449 14453 763 14554 14554 14554 14453 14449 14453 14449
13882 13884 13884 13884 13882 13882 13884 13816 13817 13816 13816 13816 13816 13816 5899 5899 11360 5642 12004 5921 5924 5921 5924 5899 5900 5942 5942 5942 5921 5921 5921 5924 5921 5921 5921 5921 5921 5921 19276 10 10 11991 11991 19276 5936 5942 5942 5945 5918 5915 5915 5928 19276 5915 14490 14571 14492 14571 14490 14492 14393 908 14451 14451 14454 14449 1007 1002 1005 14449 14546 11998 14440 14554 14554 14455 14453 14455 14455 14449
13884 13882 13882 12666 12670 13882 12683 13817 13817 13817 13816 13816 13816 12003 5899 5899 11360 12004 19276 5921 5922 5921 5899 5899 5899 5942 5942 5942 5942 5942 5924 5921 5921 5921 5945 5942 5942 5942 19277 10 11991 11991 5942 5942 5936 5942 5915 5945 5945 5928 5918 19281 5932 5915 14490 14571 14490 14571 14490 14492 14393 14394 19276 14451 14453 14449 14453 1002 1005 14453 14453 763 14554 14554 14554 14455 14455 14455 14455 14449
13884 13884 13884 12666 12670 5899 13884 13816 13816 13816 13816 13816 13816 5899 19276 11360 19277 12004 5899 5921 5921 5899 5899 5899 5899 5942 5879 5879 5899 5921 5921 5924 5924 5942 19276 5945 5942 5899 10 11991 11991 11991 5942 19276 5936 5915 5915 5945 5942 5942 5918 5918 5942 5932 14571 14490 14490 14571 14490 14490 956 14394 19276 14453 14449 14449 14449 1002 1002 1005 14453 6443 19276 14554 14554 14452 14455 14449 14453 14465
13882 13882 13882 13882 5885 5899 5899 19276 12004 13816 19276 12707 5899 5899 5642 19276 5936 5936 5936 5921 5921 5899 5899 5899 5899 19276 5899 5899 5921 5942 5942 5945 5942 5942 5942 5942 5900 5899 5535 5535 5942 5942 5899 5921 5942 5909 5918 5915 5915 5942 5910 5915 5932 5928 14571 14490 14571 14571 14571 14490 956 14393 14394 14453 14449 14546 19276 1002 1007 1007 14453 14453 19276 19276 14554 14546 14455 14465 14452 14455
13882 13882 13882 13882 5885 5899 5899 5899 5900 5942 5942 5942 5942 5642 11360 5643 5936 5936 5936 19276 5921 5921 5900 5900 5899 5899 5900 5900 5879 5899 5942 19276 5900 5900 5942 5900 5900 5900 5535 5535 5899 5900 5900 5899 5942 19276 5909 5915 5915 5942 5910 5915 5945 12005 14489 14490 14490 14571 14490 19276 956 14393 19284 14453 14546 14449 14543 1007 1007 11998 14453 14453 6443 763 14455 14452 14453 14465 14449 14449
