EPSG_25832/clc_buek_grid_profile_25832_23.asc
ncols        641
nrows        866
xllcorner    280356.848233341298
yllcorner    5235360.556800000370
cellsize     1000.000000000000
NODATA_value -9999
[rows 280 to 314 of 866, columns 480 to 559 of 641]
19276 1966 1966 1984 2201 2201 1966 2189 1961 19277 2208 2208 2169 1989 2070 2070 2070 2070 19276 19276 2350 2350 2350 19284 2082 2082 2061 2061 2070 2070 19276 19276 2310 2310 2310 2364 2310 2310 2305 2305 2305 2359 2169 2149 2149 2374 2331 2331 2149 2323 19284 2331 2364 2364 2299 19284 19284 2149 2149 2139 2139 2139 2139 19284 2070 2149 2149 2149 2149 2149 2189 2149 2149 2149 2149 2149 2149 2149 2149 4049
2189 19276 19284 2201 2201 1984 2201 1966 1961 1961 1961 1966 1989 1989 19277 2070 2070 2070 19276 19276 19276 19276 19284 19284 2061 2061 2061 2061 2364 2364 19276 2359 2310 2310 2310 2359 2359 2359 2359 2359 2359 2359 2359 2169 2149 2374 2293 2340 2299 2336 2336 2331 2149 2149 19284 19284 19284 19284 2189 2149 2149 2149 2149 2149 2149 2149 2149 2149 2185 2149 2149 2149 2149 2149 2149 2149 2149 2149 2149 4173
2189 2189 2189 19284 1984 2201 2201 2201 19284 2189 2189 2201 19284 19284 1957 19284 2070 2076 19284 2350 19276 19284 19284 19284 2061 2061 2061 19276 2364 19276 19276 2359 2310 2310 19276 2359 2305 2310 19276 19276 2359 2359 2364 2364 2364 2331 2347 2336 2336 2323 2323 2149 2149 2149 19284 19284 2149 2149 2189 2189 2149 19284 2149 2149 2149 2149 19284 19284 2149 2149 2149 2149 2140 2149 2149 2149 2149 2149 2149 4173
1970 2189 2189 1984 2208 1966 1966 1998 1984 2169 2169 2149 2149 19284 19284 19284 2070 2070 2040 19284 19284 19284 19284 19284 2061 19276 19276 19276 2359 2359 19276 19276 2359 19276 2359 2359 2359 2305 2310 2359 2359 19276 2359 2359 2364 2364 2331 2149 2149 2149 2149 2374 2149 2149 2082 2082 2149 2149 2149 2149 2189 2219 2219 2149 2149 2149 2149 2149 2149 2149 2149 2149 2149 2149 2149 2149 2149 2149 2149 2149
1985 2185 2185 2189 2208 1999 1999 1998 2158 2201 1970 1956 1956 1989 1989 19276 2070 2070 19284 19284 2082 2082 2364 19284 19276 19276 2364 19276 19276 19276 19276 1989 2347 19276 19276 19276 2359 2305 2310 19276 2359 2359 2359 2008 2364 2364 2331 19276 19276 19276 2340 2149 19284 2149 2149 2082 19276 2149 2149 2149 2189 2189 2219 2149 2149 2149 2149 2149 2149 2149 2149 2149 2149 2149 2149 2149 2149 2149 2149 2149
2164 2201 2185 19276 19284 19276 1998 19284 2169 2158 1998 19276 1956 1989 19276 2359 2149 19284 2081 2082 2082 2082 19276 2082 2082 2081 19276 19276 19276 19276 19276 2374 2359 19276 19276 2359 2359 2316 2310 19276 2008 19276 2008 2008 19276 19276 19276 2359 2359 19276 19276 2149 2149 2149 19284 2149 2082 2082 2149 2149 2189 2189 2185 2149 2149 2149 2149 2149 2149 2149 2149 2149 2164 2164 2164 2164 2149 2149 2149 2149
2189 2201 1998 1998 2185 19284 1998 2198 2198 2169 1956 1998 1998 19276 2310 2310 2149 19284 2081 2082 2347 2364 2070 2082 2082 19276 19276 19276 2189 2364 2374 19276 2359 2081 1989 1989 2353 2316 19276 2310 2008 2008 19276 1966 2006 19276 1975 19276 19276 2012 19276 2149 2149 2149 2149 19284 2149 2149 19284 2189 2189 2189 19276 2149 2208 2140 19277 2149 2149 2149 2149 2149 2164 2149 2122 2149 2149 2149 2149 2149
1998 2201 2201 2201 1998 19284 19284 19284 2198 19276 19277 19276 2149 1999 2364 2299 2299 2069 19276 19276 2082 2070 2070 2082 2082 19276 19276 2169 2169 2189 19276 2189 2189 1989 1989 1989 1989 2012 19276 2359 2359 2008 2029 2006 2008 19277 19280 19280 2012 2012 1998 1998 2189 2149 2149 19284 19284 19284 2149 2149 2065 2065 2065 2065 2149 2185 2140 2149 2149 2149 2149 2164 2149 2149 2122 2149 2149 2149 2149 2149
2008 2008 2008 19284 1999 2185 2185 19284 2189 2185 2185 2185 2185 2185 2299 2299 2299 2299 2299 2299 19276 2082 2082 2050 2081 19276 2169 19277 19277 2189 19276 19276 19276 1984 1956 1989 1989 1989 19276 19276 19276 2008 2347 2006 1975 1975 19280 19280 19280 1999 1998 1984 19276 2189 2185 2185 2149 2140 2149 19284 2065 2065 2065 2065 2065 2149 2185 2149 2149 2185 2189 2149 2149 2149 2122 2149 2149 2149 2149 2149
2149 2169 2194 2169 19284 19276 19276 19284 2149 2201 2140 2140 2140 2299 2149 19284 2364 2299 2299 2364 2149 2082 2082 2082 2081 19276 19276 1961 2323 2323 1961 1989 19277 19277 1957 1989 1956 1956 1957 1989 1989 1985 1966 1966 1975 19280 19280 19280 1999 1984 1984 1984 19276 2189 2185 2185 2149 2149 19284 19276 2140 2140 2076 2070 2065 2140 2194 2185 2185 2185 2189 2149 2140 2149 2149 2149 2149 2149 2149 2149
2008 2008 1961 2169 19284 19284 19276 19276 19284 2149 1998 1998 2070 19284 19284 2368 2368 2299 2347 2299 2149 2293 2140 2185 2185 1961 1961 1961 2323 19276 1989 1989 1961 19276 2008 2008 1957 2023 19276 19276 19276 19276 1966 2029 19280 19280 19280 19280 1975 1984 2201 2201 19276 2076 2185 19284 2149 19284 2140 2140 2142 2140 2140 2140 2070 2140 2140 2194 2149 2185 2149 2149 1989 2149 2149 2149 2194 2194 2149 2149
2008 2008 2008 2008 19284 19284 19276 19276 19284 2169 1998 1998 2070 19284 2070 2070 2070 2299 2299 2331 2189 2293 2140 2185 2065 19276 1961 1989 1961 2070 1966 19277 1961 2008 2008 1957 1966 1966 1966 19276 19276 19276 1957 2029 19280 19280 19280 1975 1975 1984 2201 1956 19276 19276 2185 19284 2149 2140 2140 2140 2142 2140 2140 2140 2140 2140 2140 2140 2140 2122 2122 2149 2149 2149 2149 2149 2194 2194 2149 2149
2008 2008 2008 1961 1961 2149 19284 19276 19284 2169 2149 1999 2070 19284 2350 2065 2070 2070 2299 2331 2208 2140 2185 2149 2017 1961 1961 1961 1943 2008 1989 1989 19276 2008 2008 1956 1966 1966 2008 19276 19276 2006 2006 19280 19280 1975 1975 1975 1975 1966 1966 2008 19276 19276 19276 2185 19284 2140 2140 2140 2140 2140 2140 2140 2122 2140 2140 2140 2140 2122 2122 2122 2189 2149 2149 2194 2149 2149 2149 2149
2008 2008 2008 1961 1961 2350 2149 19284 1956 19284 19284 19284 19284 2070 2070 2070 2070 2208 2185 19276 2189 2189 2140 2140 2017 1961 1961 1961 2008 1989 1989 2359 2359 2201 2201 2201 2201 2008 19276 19276 19276 2219 1966 1975 2185 1975 2169 1966 1966 1966 1998 1998 1961 19276 19276 2152 2208 2350 19281 1957 2140 2140 2140 2122 2140 2140 2140 2140 2140 2208 2140 2122 2122 2149 2149 2149 1966 2065 2185 2070
1998 1998 1956 1956 1999 2072 2350 2350 19284 19284 19284 2149 2149 2070 2070 2070 2017 2208 2185 19276 2189 2149 2164 2149 1961 2008 2164 2070 2008 2082 19277 2359 2185 2201 2201 2201 2201 2201 19276 19276 2219 1966 1966 2208 1975 2208 1966 1966 1966 1998 1998 1957 1961 1961 19276 2152 2208 2350 1998 1957 1957 1998 2140 2189 2189 2189 2140 2140 2208 2140 2140 2122 2122 2139 2149 2065 2065 2065 2139 2070
2070 1939 19276 1998 1999 1966 2072 2350 19284 19284 2076 19276 2065 2065 2070 19276 19276 2017 2017 2140 2189 2164 2164 2142 2149 2164 2164 2164 2072 1939 2323 1961 1939 2201 2201 2201 2201 2006 1957 19276 2006 1957 19276 2208 2208 1961 2008 1966 2008 1999 1957 1998 1989 19277 2156 2152 2185 2350 19281 19276 19276 2149 2008 2140 2164 2142 2140 2140 2140 2140 2122 2122 2149 2149 2149 2149 2070 2044 2139 2065
1970 1966 1939 1939 2070 1966 2070 19284 19284 19284 2076 2076 2065 2070 19276 2017 19276 2017 2201 2201 2189 2189 2164 2164 2164 2164 2164 1975 1939 2323 2323 1989 19277 2158 2201 2201 2201 2006 1957 1957 1957 1957 1966 1957 2208 1961 1961 1966 2008 1998 1998 1998 1989 2156 2156 2152 2185 19277 1998 19276 19284 19276 2208 2149 2149 2149 2149 2122 2122 2122 2122 2122 2149 2149 2149 2149 2149 2044 2065 2065
2017 2017 2017 2122 1998 2122 2149 19284 19284 2065 2076 2076 2070 2070 19276 19276 2201 2201 2201 2070 2164 2164 2164 2164 2216 2164 1975 2070 19276 2299 2298 1989 2359 2359 2158 2201 2201 2201 1956 1957 1957 2006 2006 2149 2149 1961 1961 1966 1966 1961 2008 2008 2169 19276 2152 2152 2152 19284 19284 19284 19284 19284 2149 2208 2116 2169 2149 2185 2149 2149 2164 2149 2149 2149 2149 2149 2149 2044 2050 2050
2139 2132 2122 2122 2122 2122 2070 19276 2065 2065 2076 2070 2070 19276 19276 2072 1970 1970 2070 1970 2139 2164 2194 2185 2185 2185 2185 2070 1945 2299 2299 19277 1975 2158 2201 2201 2201 2201 2201 19284 19284 19276 2169 2194 1956 1956 1961 1966 1966 19276 2008 2169 2169 2169 2152 2152 2201 1998 1999 1998 2149 2149 2149 2189 2149 2149 2116 2169 2169 2149 2164 2149 2185 2149 2149 2149 2149 2065 2065 2050
2185 2185 1998 2140 2122 2070 2070 2070 2065 2070 2070 2070 2070 2070 2070 2070 1970 2070 2070 2070 2189 2189 2194 2185 2185 1984 2185 2185 1945 2299 19276 1975 2056 2201 2201 2201 2201 2201 2201 19284 19284 2169 19276 2194 1966 1966 1966 1966 1966 2158 2201 2169 2169 19276 1957 2152 2189 1998 1998 1998 1998 2147 2149 2189 2149 2149 2149 2008 19284 2149 2149 2149 2149 2149 2149 2201 2149 2122 2122 2050
2185 2185 2164 2122 2070 2070 2070 2070 2070 2070 2070 19278 2070 2076 1985 1985 1985 2070 2070 2070 2189 2189 2169 2185 2185 2185 2185 2008 1945 1945 1975 1975 2056 2169 2208 1956 1999 1999 2169 2201 2201 2169 2169 2194 2169 1966 1966 2149 2169 2158 2158 1961 19277 2164 1957 19276 19284 2149 1998 1998 1998 2149 2149 2208 2149 2194 2128 2128 19284 19284 2116 2149 2149 2149 2201 2149 2194 19284 2122 2050
1966 2164 2070 2070 19276 2070 2070 2070 2070 2070 2070 2070 2070 2147 1985 1985 2023 2008 2070 1939 2139 2194 2169 2185 2185 2185 2008 2008 1998 1998 1945 1975 2169 2169 1975 1957 1999 1998 1998 2201 2201 2201 2201 2169 2169 2169 2169 2198 2158 2158 1989 19277 2029 2008 2008 2152 2169 2149 2149 2149 2208 2169 2149 2158 2158 2116 2169 19284 19284 19284 2008 2140 2140 2149 2149 2208 2149 19276 19284 19284
2070 2070 2070 2070 19276 19276 2070 2070 2070 2070 2070 2023 1998 19276 19284 19284 1998 1999 1999 1998 2139 2194 2185 2169 2185 2185 1957 1957 1957 1961 1998 2169 2194 1975 1975 1945 1966 1998 1957 1998 2201 2201 2201 2201 2169 2169 2152 2142 2198 2198 2164 2164 1999 2008 2008 2152 2140 2149 2149 2152 2152 2149 2149 19284 19284 2149 19284 2149 2149 2149 2189 2189 2189 2149 2149 19284 2201 2122 2122 19284
2070 2070 2070 2070 2070 2070 2070 2070 2070 2070 1998 1998 2017 19276 1957 1998 1998 2029 2169 2169 2194 19284 2164 2152 2208 2185 2185 1961 1957 1961 1998 2169 2169 2149 1945 1945 1966 1966 19276 1966 2201 19276 2122 2201 2169 2169 1989 2169 2353 2169 2169 1961 1998 1961 2164 2164 19276 19284 19284 2185 2185 2189 2149 2149 2149 2164 1998 2149 1998 2140 2142 1966 2149 19284 19284 2140 2149 2122 2122 2122
2070 2070 2070 2070 2070 2070 2070 2070 2070 1998 1998 2017 1998 1957 1957 1998 1998 1939 1989 1957 2194 19284 2164 2070 2070 2128 2189 1961 1961 1961 2149 2169 2169 2149 1975 1975 1999 1966 19282 1956 1998 2201 2169 2169 2201 2201 2169 2169 2353 2353 2169 2152 1998 2152 1961 2164 2149 19284 2164 2164 2185 2189 2149 2149 2149 2149 2149 2070 2070 2008 2070 1966 1966 19284 19284 2140 2149 2149 2122 2122
2070 19276 2070 2070 2070 2070 2070 2070 2070 1998 19276 2194 2194 2194 1956 1939 1939 2169 2169 2194 2194 2185 2189 2189 1966 1966 2185 2185 2208 2149 2198 2169 2169 1970 1975 1975 1998 1998 1998 1998 2201 2169 2169 2169 2201 2201 2169 2169 2152 2152 2122 2152 2152 2152 2152 2152 19284 2070 2070 2189 2189 2065 2149 2149 2149 2149 2149 2149 2149 2008 2147 1966 2185 19284 19284 2194 2149 2149 2185 2065
2070 2070 2070 2070 2070 2070 2070 2070 2070 2194 2194 2149 1984 2158 2201 1989 1989 1989 2201 2169 2194 19284 2070 2070 2189 2189 2185 2185 2185 2185 2198 2169 2169 2169 1975 1975 2006 1956 19281 2122 2201 2201 2169 2201 2201 2092 2122 2122 2127 2194 2194 19284 19276 2072 2070 2152 2070 2070 2070 2070 2189 2070 2065 2149 2149 2149 2149 2149 2122 2149 2149 2149 2185 19284 19284 2189 2149 2149 2149 2065
2070 2070 2070 19276 2070 2070 2070 2070 2194 2194 2194 2169 2169 2201 2201 2070 2017 2017 2194 2194 19284 19284 2078 2070 2070 2070 2185 19276 19276 19277 2198 2198 2169 2169 2169 2169 2169 2169 1998 2008 2169 2201 2201 2169 2194 2092 2092 2092 2092 2092 2092 2092 19284 2069 2070 19284 19284 2070 2070 2070 2189 2070 2065 2149 2149 2149 2149 1966 2065 2065 2065 2194 2140 19284 19284 2149 2149 2149 2065 2065
2070 2070 2070 19276 2070 2070 2070 2189 2194 2194 2140 2142 2008 2169 2169 2201 1989 2017 2194 2194 2072 2194 2107 2055 2070 2070 2208 2169 2169 2169 2149 1961 1961 1961 2076 2169 2169 2060 2169 2169 2201 2189 2189 2201 2194 2092 2092 2092 2092 2092 2092 2092 2092 2065 2065 2065 2149 2149 2149 2149 2149 19284 2149 2147 2149 2149 2149 2149 2065 2065 1966 2065 2065 2140 2065 2060 2149 2149 2065 2065
2070 2070 2070 2070 2070 2070 2050 2189 2140 2140 1989 1989 2008 2065 2065 2169 2185 2185 2169 2194 2008 2070 2076 19280 2070 2070 2208 2208 2076 1970 1970 1961 1961 1957 1957 2169 2065 2069 2169 2169 2201 2189 2169 2201 2056 2092 2092 2092 2092 2092 2092 2092 2092 2065 2065 2149 2149 2164 2149 2149 2149 2149 2122 2149 2149 2149 2149 2140 2140 2140 2065 2065 2065 2065 2065 2060 2149 2149 2065 2065
2070 2070 2070 2070 2070 2050 2164 2189 2189 2189 1989 2008 2065 2065 2065 2056 2149 2149 19284 2194 2194 2076 2076 2149 2149 2208 2208 1970 2078 2169 2152 2149 1966 1966 2149 2169 2208 2185 2149 2055 2149 19276 2189 2149 2092 2092 2092 2092 2092 2092 2092 2350 2092 2149 2065 2149 2194 2164 2198 2149 19284 2149 2149 2149 2149 2149 2149 2149 2149 2149 2065 2065 2069 2069 2065 2060 2065 2122 2065 2065
2169 2070 2070 2070 2149 2149 2189 2177 2189 2142 2142 2140 2008 2065 2065 2065 19284 2149 2076 2076 2076 2149 2149 2189 2194 2194 2194 2149 1998 2169 2208 2208 2164 2164 2208 2208 2208 2185 2149 2149 2149 2189 2149 2149 2092 2092 2092 2092 2092 2092 2092 2092 2149 2201 2149 2149 2149 2164 2198 2116 2164 2164 2149 2149 2116 2194 2149 2149 2149 2149 2149 2069 2069 2065 2065 1989 2065 2122 2122 2070
2189 2189 2169 2185 2149 2189 2177 2177 2177 2142 2140 2008 2008 2065 2070 2065 2189 2076 2076 2070 2070 2072 2149 2149 2149 2164 2164 2149 2149 2149 2185 2194 2194 2208 2185 2185 2185 2185 2149 2149 2149 19284 2149 2189 2149 2092 2092 2092 2061 2056 2116 2149 2201 2201 2140 2128 19284 2198 2198 2149 2149 2149 2149 2149 2149 2149 2116 2149 2149 2149 2050 2069 2069 2065 2065 2065 2065 2139 2070 2070
2189 2169 2189 2185 2140 2189 2189 2149 2142 2149 2140 2189 2008 2008 2065 2065 2065 2069 2065 2208 2070 2185 2149 2149 2149 2164 2208 2208 2070 2070 2076 2194 2149 2149 2065 2185 2149 2149 2149 2070 2070 19284 2169 2164 2164 2149 2092 2092 2061 2116 2116 2116 2201 2070 2070 19284 2198 2149 2149 2149 2149 2149 2149 2149 2149 2149 2116 2149 2116 2189 2164 2069 2069 2139 2139 2139 2139 2139 2070 2070
2169 2169 2185 2140 2194 2208 2189 2149 2149 2149 2208 2189 2065 2065 2065 2065 2065 2194 2194 2194 2070 2070 2070 2149 2149 2149 2208 2208 2076 2070 2076 2139 2194 2194 2065 2065 2149 2149 2149 2076 2076 2076 2149 2201 19284 19284 2149 2092 2116 2116 2116 2116 2070 2072 19284 19284 2070 2070 2149 2149 2149 2149 2149 2149 2149 2149 2116 2116 2116 2116 2116 2116 2139 2139 2139 2139 2139 19284 2076 2065
