EPSG_25832/clc_buek_grid_profile_25832_general.asc
ncols        641
nrows        866
xllcorner    280356.848233341298
yllcorner    5235360.556800000370
cellsize     1000.000000000000
NODATA_value -9999
[rows 490 to 524 of 866, columns 240 to 319 of 641]
13609 13609 13609 6989 13608 13608 6974 7006 13608 13608 17256 17239 17256 17265 17265 17271 17271 17256 17256 17256 17288 16966 17256 17256 17256 17256 17256 17256 17257 17321 17321 17344 16966 17319 17319 17331 9168 17345 9170 9170 17345 9168 9170 9170 9170 8982 8983 17345 9167 13609 9059 8939 19276 9067 9059 9059 9058 9058 9043 9030 9059 9059 9043 9041 9043 9058 9059 8945 8945 8947 8947 8947 8947 8947 8947 8947 8947 8947 8947 8947
13609 13609 6991 13608 13608 13608 13607 19276 19276 13609 17344 17237 17265 17265 17256 17266 17256 17256 17256 17287 16966 17257 17256 17256 17321 17321 17321 17256 17256 17321 17256 17257 16966 17265 17256 17256 17288 17345 17345 19276 17345 9167 9170 9167 9167 9167 17345 9167 17345 13609 9059 8939 8994 9067 9067 9059 9066 9059 9066 9030 9043 19276 8099 9043 9043 9058 9058 8095 8945 8947 8947 8945 8947 8950 8950 8947 8947 8945 8950 8950
13609 13609 6974 7006 13608 6991 6990 19276 19276 13609 19276 17344 17331 17239 17237 19276 17256 17256 17256 17257 17287 16966 17256 17256 17256 17321 17321 17321 17256 17256 17256 17256 17321 17265 17287 17256 17256 17287 17266 19276 17345 9191 17345 17345 9167 9167 13609 13609 17331 17331 8939 8939 8939 8994 9067 8994 9058 9043 9058 9058 9043 19276 1707 8099 9059 9059 9059 8945 8945 8947 8947 8947 8950 8947 8995 8947 8947 8945 8950 9040
13609 13609 13609 13607 6989 13608 13609 19276 13609 13609 17345 17345 17344 17344 17239 19276 17288 17256 17256 17256 17256 17287 16966 17256 17256 17256 17321 17321 17265 17287 19276 16966 17256 17256 17256 17321 17321 17321 17256 17266 17319 17321 17331 17331 17331 17331 17345 17345 17256 17331 8934 8939 8939 8939 9037 8994 9058 9043 9043 9043 9027 9043 9043 9040 9058 9027 9059 9043 8950 8970 8970 8968 8947 8995 8950 8995 8945 19276 7202 9040
13608 13608 13609 13609 6989 19276 13608 13609 13609 13609 17256 17256 17345 17051 17287 13608 17287 17256 17256 17256 17256 17256 17257 16966 17256 17256 17256 17256 17321 17287 17287 17287 17256 17256 17256 17321 17256 17321 17256 17256 17256 17321 17331 17331 17257 17331 17331 17321 17331 17331 8939 9067 8939 9066 8939 9030 9058 9043 9041 9043 9057 19276 9041 9043 1899 9043 9043 8995 8995 8995 8995 8995 8995 8995 9037 8945 8945 19276 7202 9040
13608 13608 13609 13609 13608 13608 13607 13609 13607 13609 17256 17256 17257 17288 17287 17287 17344 17344 17257 17287 17256 17256 17256 17256 16966 16966 17256 17256 17321 17319 17287 17344 17257 17256 17256 17256 17319 17057 17256 17257 17256 17331 17256 17331 17331 17331 17331 17256 17256 17331 9059 9059 8939 9067 8995 8939 9059 9041 9043 9058 9041 9041 9027 9059 9043 9027 9043 9059 9040 9040 9043 19276 8995 8995 8995 8945 1707 9037 8995 19276
6990 13608 13609 13609 6989 6989 13607 13609 6989 13608 17257 17256 17256 17256 17288 19276 17257 17051 19276 17257 17257 17287 17256 17321 16966 16966 17256 17256 17321 17256 17256 19276 19276 17257 17319 17057 17057 17057 9170 6973 17257 17257 17256 17331 17331 17331 17331 17256 17256 17331 9059 9059 8939 8939 8939 8939 9059 9059 9059 9043 9041 9043 9027 8994 9027 9059 9043 9027 9059 9058 9043 9043 8995 8947 8995 1707 9037 9037 9037 19277
6990 6990 13607 6991 13609 13608 13608 13609 13609 6991 17321 17256 17321 17256 17256 13608 9170 17331 17049 17049 17257 17256 17321 17257 16966 16966 17265 17256 17256 17266 17256 17257 16966 16966 17331 17057 17057 17344 9170 9167 17319 17331 17331 17256 17321 17256 17256 17256 17256 17331 8939 8939 8939 8939 9066 9059 9058 9059 9058 9043 9043 9059 9027 1899 9027 9041 9043 9043 9057 9057 9043 9040 9040 8995 8995 9037 9037 9037 9037 19276
13608 13608 13609 6991 6990 7006 13608 13608 13609 13609 17321 13609 13609 17256 17256 13609 9170 17266 17049 17331 19276 17257 17256 17257 17257 19276 19276 19276 17344 19276 17319 17049 17049 17145 17287 17319 17331 17319 17345 13609 8983 17319 17331 17321 17256 17331 17257 17331 17257 17256 19276 8939 9058 9059 9059 9059 9059 9059 9059 9058 8950 9041 1899 1899 9043 9043 9043 9043 9041 9059 9041 8995 8995 8995 8995 9037 9037 9037 9037 19275
13609 6990 6990 6990 7006 6990 6991 13609 13609 6990 13607 7006 13609 17256 17256 13609 13608 17256 17049 17344 17344 17049 17049 17049 17049 16966 19276 19277 19276 19276 19276 17049 17049 17049 8983 17265 17265 17265 17266 17346 17345 17331 13609 13609 17331 17331 17266 17257 17256 17256 8974 8939 8970 9059 9059 9059 9059 8947 8947 8947 8947 1899 1899 9037 8095 8095 8950 19276 8995 8995 1707 8995 8995 8995 9037 9037 19277 9037 9037 19276
6990 6991 13608 6990 19276 6990 6991 6991 13609 13609 13608 13608 17257 13608 13609 13608 17257 17256 17256 17319 17344 19277 19277 9168 17344 19277 19276 19276 19276 19276 19276 17344 8982 17049 8982 17256 8984 17265 17265 17265 17265 13608 13608 17331 17331 17331 17256 17256 17256 17256 8974 8939 8970 9059 9059 9066 9058 9059 9040 9040 8950 9059 8947 8095 8095 8097 8950 8970 8995 8947 8950 8945 8995 9037 9037 9037 9037 9037 9037 7202
13608 6990 13609 13608 13608 6990 13609 6991 6991 13608 13608 13608 17257 13608 17257 17257 17257 17256 17256 17256 17256 17344 13609 17049 19276 17049 19276 19275 7099 19276 19276 17266 17358 17049 17049 17049 17266 8983 17265 17265 17271 13608 13608 13608 13609 17331 17256 17256 17256 17257 8934 8939 8970 9059 9066 19276 9058 9058 9058 9059 1707 9057 8947 8947 8947 8097 8947 8995 8970 8995 8995 9037 8950 9037 9037 9037 9037 9037 8995 7202
6998 13608 6999 13608 13608 13607 13608 13608 13608 13608 13608 13608 13608 7006 19276 17257 17257 17256 17256 17256 17256 17049 17049 17049 17049 19276 17049 7099 7099 19276 19276 19276 17358 17319 17319 17319 19276 17265 17265 17271 17271 13609 17256 17256 13609 17331 17257 17257 17257 17319 8939 8939 8939 9059 9066 9058 9059 9043 9043 9041 1707 9057 8947 8947 8947 8947 8945 8970 9037 8947 8947 9037 9037 9037 9037 9037 8995 9037 9037 19276
13608 6999 6998 6998 6998 13609 13608 13608 13609 13608 13609 13609 13608 13608 17257 17257 17256 17256 17256 17256 17331 17256 17049 17344 17344 17049 17049 16966 19277 19276 19276 19276 17358 17265 17271 17271 17271 17271 9170 13608 17321 13608 13608 17256 17256 17257 17257 17319 17257 13608 9040 8939 8939 9058 9058 9058 9058 9043 9041 9041 19276 9058 8947 8947 8947 8947 8947 8970 8970 8947 8950 8950 8995 8995 8995 8995 8995 9037 9037 9037
6961 6999 13608 6998 13608 6991 6990 7006 13608 13608 13609 13609 13609 13608 13608 17256 17256 17256 17256 17256 17256 17256 17256 17049 17344 17049 17049 16966 17266 19276 17344 19276 8982 17331 17331 17271 17271 17266 17257 13608 6991 13608 13608 13608 13608 9167 17319 17319 8983 13609 9040 8939 8939 9059 9059 9058 9058 9058 9041 9041 9041 8947 8947 8947 8947 8947 8947 8970 8970 8947 8945 8945 8945 8995 8995 8950 8995 8995 8995 9037
6999 6961 13608 13608 13607 6990 13608 13608 6990 13608 13608 13609 13608 6990 13608 17256 17256 17256 17321 17256 17256 17256 17257 17049 17049 17049 17049 17331 17266 17266 17319 17319 17265 17256 17331 17331 17345 8983 13608 13608 13608 13608 17256 13608 13608 9170 17319 13609 8983 13609 9043 8939 8939 9066 9058 9058 9059 9059 9058 9043 9041 9041 8947 8947 8947 8947 8947 8947 8945 8947 8947 8947 7221 8945 9048 9045 9048 8995 8995 8995
6961 6961 13609 6990 6990 13607 13608 6990 6990 13608 13608 13608 13608 19276 13608 17256 17256 17256 17256 17257 17257 17256 17256 17256 17257 17256 17256 17331 17319 17271 17271 17321 17256 17265 17265 17266 9170 9170 9191 13608 13608 13608 17256 17345 13608 13609 13609 13609 6967 6967 19276 8939 8939 9059 9058 9058 9058 9059 9043 9040 9041 9043 1708 8947 8947 8947 8947 8945 8947 8947 8947 8947 9040 8995 9045 9045 9048 8995 8995 8947
6975 6991 6990 13607 6990 13607 13608 13609 13608 13608 6991 13608 13608 13608 13608 17256 17256 17256 17256 17256 17256 17256 17256 17256 17256 17256 17257 17257 17331 19276 17257 17257 17265 17265 17271 17266 9170 17257 13608 13608 13608 13608 13608 17345 13609 6960 19280 6960 13608 17271 17271 9058 9059 9058 9058 9058 9059 9040 9043 9041 9041 8945 8945 9041 8947 8947 8947 8947 8947 8947 8945 8995 9040 8995 9040 9040 8995 8947 8947 8947
6975 13609 7006 19276 7006 6990 6990 13608 13608 13608 6991 13608 13608 13608 17321 17321 17256 17256 17256 17256 17256 17256 17256 17256 17256 17256 17256 19276 17158 17331 19277 17158 17266 17266 17288 17266 19276 17271 17271 17271 17271 17271 13608 13608 17345 13608 13608 13609 6990 13608 9066 9058 9058 9058 9058 9058 9059 9040 9040 9041 9041 9041 9041 19276 9041 8947 8947 8947 8947 9040 9040 9040 8995 9040 9040 9040 8995 9040 9040 9040
6999 13608 6998 13608 13608 13608 6990 6990 13608 6991 6990 13608 13608 6990 17256 17256 17256 17256 17256 17256 17256 17256 17256 17265 17256 17266 17331 17331 17256 17319 17331 17331 17331 19276 17287 17319 17257 17271 17271 13609 13608 17271 17256 17271 17345 13608 13609 13608 6990 13608 9066 9058 9059 9058 9058 9058 9059 9040 9040 9040 9041 9041 9041 1708 9041 8947 8950 9041 9041 9040 9040 9040 9040 9040 9040 9040 9040 9040 9040 9040
13609 13608 6998 6990 6975 6991 6990 13608 6974 6991 13609 6974 13608 6990 13608 17256 17256 17256 17256 17256 17256 19282 17256 17271 19277 17331 17158 19276 17331 19276 17344 17257 17256 17331 17287 17266 17256 17271 17271 17256 17256 17256 13608 17271 17271 17271 17271 13608 6961 7012 9059 9059 9058 9058 9058 9059 9040 9040 9040 9040 9041 9041 9027 9040 9040 9041 19276 9041 9041 9041 9041 9041 9041 9041 9030 9027 9027 9027 9040 9002
6974 6999 6998 6990 13608 13608 6990 13608 6990 6974 6990 6990 13608 13608 13608 6991 17256 17256 17256 17256 17266 17319 19276 19276 17257 17256 17256 17257 13609 13609 17331 17256 17256 17256 19276 19276 17271 17271 17265 17256 17265 17256 17265 17331 17331 17271 17271 13609 6961 17198 6961 9058 9058 9058 9058 9058 9040 9040 9040 9041 9043 9041 9027 9040 9040 9041 9041 9041 9041 9040 9041 9041 9041 9041 9027 9027 9002 9002 9002 9002
6998 6998 6991 6975 13608 6990 6990 13609 13609 6991 13608 6990 6991 13608 13608 6990 17256 17256 17256 17256 19276 17057 17331 19276 17298 17298 17256 17331 17265 17265 17256 17265 17265 17289 17057 17271 17271 19276 17256 17256 17256 17256 13609 17271 17271 17271 17271 17345 6961 17198 6991 9058 9058 9059 9040 9040 9040 9040 9043 9041 9041 9041 9027 8947 8947 8945 9041 9045 9027 9030 9041 9041 9041 9043 9027 9027 9002 9002 9002 9045
13609 6990 6990 13608 13608 6991 6991 13607 6990 13609 13609 13608 6991 6991 13609 13608 17256 17256 17256 17256 17257 17057 17331 17266 17331 17331 17256 17256 17256 17319 17319 17331 17265 17265 19276 17266 17271 17271 17256 17256 17256 17256 17346 17265 17271 13608 17271 17271 13608 13609 13609 9059 9058 9058 9043 9043 9040 9040 8099 8095 8941 9041 9041 9041 8947 8947 9040 9041 9041 9041 9041 9041 19276 9027 9027 9002 9002 9002 9045 9002
6991 6975 6974 6974 13608 13608 13608 13607 6990 6990 6991 13609 13609 13609 13609 17265 17271 17271 17331 17257 17319 17331 17331 17319 17266 17319 17321 6991 17256 6967 17271 17271 17265 17266 17319 17271 17271 17265 17256 17265 17265 17265 17271 17271 17271 17271 9167 17346 9170 13609 9059 9059 9059 9058 9058 9043 9043 724 724 724 8941 8941 8942 9041 9041 8947 8947 9040 9041 9041 9027 19276 19276 9045 9027 9002 9002 9002 9002 9045
6991 13609 6991 6991 13608 13608 13608 13608 19276 13608 13609 13608 13608 13608 6990 17271 17271 17271 17057 19276 19276 17266 17319 17319 17319 19276 13608 17321 6967 17346 17271 17331 17331 17256 17271 17265 17256 17265 17271 17265 17265 17265 17265 17346 17345 17346 17346 13608 13608 17271 17271 9059 9040 9040 9040 9043 724 724 724 8941 8941 8941 8942 8942 9041 9040 9040 9040 9040 9041 9041 9041 9045 9045 9027 9002 9002 9004 9002 9045
13608 6974 6973 13608 6990 13608 6991 13608 13608 13608 6989 13608 13608 13608 13608 13608 17265 17265 17331 17331 13608 17308 17308 13608 17054 13609 13609 17257 17321 17265 17271 19276 17331 17271 17256 17256 17256 13608 13608 17265 17346 17265 17265 9191 9167 13608 17345 17345 13607 17266 17257 8939 8939 8099 8939 8934 8934 8939 8934 8095 8095 8097 8941 8942 8942 9041 9041 9040 9040 9041 9041 9045 9045 9045 9027 9002 9027 9030 9002 9002
13608 6973 6991 6991 13608 13608 6990 13607 6990 13608 13608 13608 13608 13608 13608 6990 17271 17265 17319 17197 19276 17307 17197 17198 17197 13609 17271 19276 17319 17321 17271 17271 17265 17271 17271 17256 17256 17256 17256 13608 17346 13609 17346 9191 17346 17346 17345 17345 9170 17271 17271 19276 8939 8939 8974 8974 8934 8939 8941 8941 8933 8097 8095 8941 8942 19276 9041 4311 9040 9040 9041 4251 4251 4267 9027 9027 9027 4480 4422 9002
2456 2485 2458 2486 2456 2485 2485 2484 2456 2457 2457 2457 2458 2457 2485 19276 2404 2412 811 2485 2485 811 2457 811 811 2457 2457 2410 2457 2390 2390 2410 2414 2414 19276 2421 2390 2390 2404 2468 2457 2457 2468 2390 19277 2390 2399 2468 864 861 2470 4319 4319 4380 4318 4318 4313 4318 4318 4318 4318 4331 4309 4309 10332 10219 4250 4250 4309 10089 4264 4251 4251 4267 4264 4264 4264 4264 4480 5430
2457 2485 2485 2485 2476 2476 2485 2484 2456 2484 2457 2457 2458 2456 2457 2457 2457 2410 2485 2457 2484 2485 2485 2457 2485 2485 2457 2458 2473 966 2412 2412 2404 2458 2421 2390 2390 2458 2390 2468 2468 2468 2468 2390 2390 2390 2400 2470 2470 864 2470 4318 4318 4318 4318 4318 4318 4309 4319 4318 4318 4331 4309 4309 4331 4331 5430 4251 19276 10089 4253 4264 10398 4462 4264 4264 4461 4461 4480 4482
2457 2484 2485 2456 2486 2476 2457 2484 2456 2485 2457 2458 864 861 2457 2458 964 964 2457 2456 2456 812 2457 2475 2457 2458 2458 2457 2457 2458 2412 2412 2458 2390 2421 2390 2390 2390 2404 2390 2390 2390 2390 2421 19276 2404 2404 2483 2458 2457 2458 4494 4327 4327 4327 4327 4318 4318 4309 4318 4318 4331 4331 4311 4311 4309 5430 5430 4264 10089 4253 4251 4462 4462 5430 4422 4422 4461 4461 4411
2493 2485 2485 2485 2458 2476 2457 2485 2456 19276 2456 2486 868 864 2485 2486 964 864 864 864 790 812 2485 2485 2485 811 2457 2476 2458 2458 2485 2414 2458 2390 2421 2390 2390 2390 2390 2468 2390 2458 2470 2390 2390 2404 861 861 2458 2458 2458 4494 4327 4318 4318 4327 4318 4318 4318 4318 4318 4318 4311 4309 4309 10398 19276 4250 4264 4251 10304 10304 4411 5430 5430 4422 4264 4461 4461 4461
2484 2456 2457 2485 2476 2476 2458 2457 2456 2457 2457 2458 2458 864 2485 2485 785 864 864 19276 914 914 966 812 811 811 2476 2476 2458 2458 2485 2458 2390 2421 2390 2390 2390 2404 2390 2457 2390 2390 2470 2468 2404 2468 2450 2450 2468 2458 2452 4318 4318 4327 4318 4327 4318 4318 4318 4319 4318 4318 4331 4309 4309 4309 4309 4251 4264 19276 4251 4264 4264 5430 5430 4264 4411 4461 4461 4461
2485 19276 2456 2457 2476 2486 2458 2457 2485 2485 2457 2476 2476 2458 2486 2486 19276 19276 864 788 864 861 966 812 812 2458 2486 2458 2390 2390 2421 2390 2390 2421 2390 2390 2390 2404 2470 2410 2390 2421 19276 2470 2468 2458 2457 2468 2468 2468 2391 4319 4318 4327 4327 4318 4327 4318 4318 4318 4318 4318 10134 5430 4309 4309 5430 4251 4264 10089 4251 4267 4264 4264 5430 5430 5430 4411 4267 10155
2485 2458 2485 2474 2485 2485 2458 2486 2486 2485 2458 2476 2476 2458 2458 2486 19276 19276 812 966 2410 4508 962 869 2458 2476 2476 2404 2458 2421 2421 2390 2390 2390 2390 2390 2390 2390 2410 2404 2390 2390 2470 2470 2390 2458 2458 2468 2390 2390 2391 4319 4319 4319 4327 4318 4318 4318 4331 4331 4309 4309 4309 10134 5430 5430 19277 4264 10089 4264 4264 4250 4264 4411 4411 4411 4411 4411 4264 4480
