EPSG_25832/clc_buek_grid_profile_25832_31.asc
ncols        641
nrows        866
xllcorner    280356.848233341298
yllcorner    5235360.556800000370
cellsize     1000.000000000000
NODATA_value -9999
[rows 140 to 174 of 866, columns 400 to 479 of 641]
9493 9493 9493 9493 9493 9346 9346 9302 9414 9414 9414 9320 9320 9414 9355 9355 9272 9326 9326 9320 9302 9320 9389 9389 9389 9389 9458 19284 19284 9410 9414 9286 9505 9456 9266 9266 9439 9414 9414 9272 19284 9355 9389 9389 9389 9414 9414 19284 9346 9355 9355 9355 9355 9414 9355 9346 9414 9346 9346 9346 9272 11466 11578 11578 11578 11578 11578 19276 11578 11497 11475 11475 11497 11430 11475 11475 11475 11497 11497 11527
9493 9493 9493 9493 9493 9346 9493 9326 9326 9359 9355 9414 9414 9355 9355 9355 9355 9480 9320 9320 9320 9320 9346 9410 9410 9414 9389 9389 9414 9292 9361 9480 9505 9505 9456 9439 9439 9414 9361 9272 9302 9302 9389 9389 9361 9414 9355 9355 9355 9361 9389 9355 9355 9414 9346 9346 9346 9298 9298 9272 9346 11578 11578 11578 11578 11497 11497 19276 11578 11475 11475 11497 11497 11580 11580 11497 11475 11475 11497 11527
9493 9493 9493 9493 9493 9480 9493 9493 9493 9346 9355 9493 9414 9355 9493 9480 9480 9480 9320 9320 9355 9389 9389 9410 9389 9389 9355 9355 9355 9361 9480 9480 9505 9505 9505 9439 9439 9414 9272 9272 9302 9302 9389 9361 9361 9355 9355 9355 9355 9361 9389 9389 9414 9414 9346 9346 9346 9298 9298 9272 19284 11578 11578 11497 11497 11578 11440 11578 11475 11475 11475 11497 11497 11580 11475 11580 11475 11497 11497 11392
9493 9493 9493 9493 9493 9493 9493 9326 9326 9493 9493 9493 9493 9493 9493 9493 9480 9346 9320 9389 9355 9389 9389 9389 9272 9346 9346 9346 9361 9346 9480 9505 9505 9505 9505 9439 9355 9355 9361 9256 9361 9414 9361 9414 9355 9361 9355 9355 9355 9363 9346 9414 9414 9298 9346 9346 9298 9298 9359 19284 19284 19284 11475 11475 11578 11440 11440 11440 11475 11475 11497 11497 11497 11475 11497 11497 11497 11497 11578 11578
9456 9570 9493 9493 9505 9505 9493 9326 9326 9320 9493 9493 9493 9493 9493 9493 9480 9346 9389 9389 9389 19284 9389 9346 9346 9346 9346 9346 9346 9361 9480 9505 9505 9389 9505 9410 9410 9361 9361 9256 9363 9414 9414 9414 9355 9355 9355 9355 9346 9363 9346 9346 9346 9298 9346 9298 9298 9298 9355 19284 19284 11475 11578 11440 11440 11453 11453 11453 11440 11475 11475 11497 11497 11497 11497 11497 11497 19276 11578 11518
9499 9570 9570 9403 9298 9326 19284 19284 9320 19284 9493 9456 9493 9493 9493 9493 9480 9480 19284 9389 9389 9389 9346 9346 9346 9346 9346 9480 9480 9410 9480 9480 9389 9389 9505 9389 9410 9361 9363 9363 9363 9389 9414 9414 9355 9355 9346 9346 9346 9346 9346 9346 9346 9298 9346 9298 9298 9298 9298 19284 19284 9272 11453 11453 11453 11400 11400 11453 11453 11580 11580 11497 11497 11518 11475 11497 11497 11497 11497 11518
9505 9499 9480 9505 9505 9505 19276 9326 9320 9320 9458 9456 9326 9493 9355 9355 9292 9493 9480 9480 9480 9480 9346 9346 9346 9346 9480 9480 9493 9493 9480 9346 9346 9272 9389 9389 9272 9272 9363 9361 9505 9389 9414 9414 9346 9346 9346 9384 9272 9346 9346 9355 9298 9298 9346 9346 9346 19284 19284 19284 9286 9370 11495 11495 11400 11400 11400 11453 11453 11580 11580 11497 11518 11518 11475 11518 11497 11497 11518 11497
9480 9480 9480 9480 9480 9480 9326 9326 9326 9326 9326 9326 9326 9326 9326 9326 9326 9292 9361 9346 9480 9493 9493 9493 9493 9493 9493 9355 9493 9493 9493 9493 9272 9414 9346 9389 9389 9346 9505 9505 9505 19276 9355 9346 9346 9493 9346 9384 9384 9346 9346 9355 9298 9298 19284 9346 19284 19284 19284 9286 9286 9286 11400 11430 11400 11400 11430 11453 11453 11580 11475 11497 11518 11475 11475 11518 11497 11497 11518 11497
9480 9480 9480 9480 9480 9493 9493 9480 9326 9326 9326 9326 9326 9326 9326 9326 9326 9326 9361 9346 9493 19284 9493 9493 9493 9572 9570 9355 9355 9355 9493 9493 9493 9493 9480 9480 9480 9480 9480 9480 9505 9493 9355 9346 9493 9493 9493 9493 9346 9346 9346 9355 9410 9355 9410 19284 19284 19284 19284 9298 9286 9286 11400 11400 11400 11400 11430 11453 11475 11475 11475 11497 11518 11518 11518 11518 11400 19276 11518 11518
9480 9530 9480 9480 9493 9493 9493 9480 9493 9493 9370 9326 9326 9326 9326 9458 19284 19284 9361 9346 9493 9493 9493 9326 9326 9570 9298 9355 9355 9493 9493 9493 9493 9570 9572 9480 9480 9480 9530 9505 9505 9493 9355 9493 9493 9493 9493 9493 9346 9410 9414 9355 9292 9292 9456 9260 9260 9260 9456 9298 9286 9286 11400 11535 11475 11497 11497 11453 11475 11523 11523 11475 11475 11518 11518 11518 11479 11475 11518 11518
9480 9530 9530 9493 19284 9493 9493 9493 9493 19284 9493 9370 9346 9480 9355 9480 9320 9389 9361 19284 19284 9493 9493 9493 9326 9570 9298 9456 9493 9493 9493 9493 9493 9493 9493 9480 19284 19284 19284 19284 19284 9493 9493 9493 9493 9493 9493 9493 9346 9346 9346 9355 9286 9456 9456 9456 9456 9456 9286 9370 9292 9292 11475 11475 11475 11497 11497 11497 11475 11523 11523 11523 11475 11475 11518 11400 11475 11475 11497 11497
9493 9493 9493 9493 9493 9480 9493 9493 9570 9493 9493 9493 9493 9493 9493 9493 9493 9320 9361 9493 9493 9517 9493 9493 9480 9480 9346 9493 9493 9509 9493 9493 9493 9493 9480 9493 19284 19284 19284 19284 9493 9570 9493 9493 9493 9493 9493 9493 9346 9346 9346 9346 9286 9320 9320 9320 9286 9456 9370 9370 9414 9355 11475 11497 11497 11497 11475 11475 11497 11497 11497 11475 11475 11475 11518 11578 11440 11440 11518 11518
9493 9493 9493 9493 9493 9493 9493 9493 9493 9493 9493 9493 9493 19284 9493 9493 9493 9493 9493 9493 9493 9493 9517 9517 9493 9480 9493 9493 9509 9509 9493 9480 9480 9493 9493 9493 9493 19284 9496 9493 9493 9493 9493 9493 9493 9470 9470 9493 9493 9346 9346 9272 9320 9320 9320 9410 9414 9286 9286 9414 9389 9389 11497 11497 11513 11513 11497 11497 11497 11497 11497 11578 11580 11580 11440 11440 11440 19276 11518 11518
9493 9493 9493 9493 9493 9493 9493 9493 9493 9493 9493 9570 9493 19284 9493 9493 9493 9493 9493 9493 9493 9493 9493 9493 9493 9480 9470 9493 9493 9493 9493 9493 9493 19284 9493 9493 9493 19284 9496 9493 9493 9565 9493 9493 9565 9493 9493 9470 9493 9493 9480 9346 9414 9320 9320 9414 9414 9384 9384 9272 9414 9389 11513 11513 11513 11513 11513 11497 11497 11497 11497 11578 11580 11580 11440 11440 11475 11475 11580 11518
9493 9493 9493 9493 9493 9493 9493 9493 9292 9493 9326 9493 9493 9564 9564 9493 9493 9493 9493 9493 9570 9564 9493 9570 9493 9470 9470 9470 9493 9493 9493 9493 9493 19284 9493 9517 9517 19284 9496 9496 9470 9470 9493 9493 9493 9493 9493 9493 9493 9493 9493 9493 9355 9355 9298 9298 9384 9384 9384 9384 9346 9414 11513 11513 11513 11513 11497 11497 11497 11497 11578 11578 11580 11578 11440 11475 11475 11475 11475 11475
9493 9493 9493 9493 9493 9493 9570 9292 9292 9326 9326 9326 9326 9326 9326 9326 9493 9493 9414 9493 9570 9564 9493 9493 9346 9470 9470 9470 9470 9476 9493 9493 9493 9493 9493 9496 19284 19284 19284 9493 9493 9570 9493 9493 9493 9493 9493 9493 9493 9493 9493 9493 9355 9302 9389 9272 9384 9389 9384 9480 9480 9346 11466 11410 11513 11497 11497 11497 11497 11497 11539 11518 11518 19284 19284 11475 11475 6606 11475 6606
9570 9570 9493 9493 9493 9493 9570 9326 9326 9326 9355 9355 9326 9326 9326 9355 9355 9355 9355 9414 9493 9493 19284 19284 9346 9470 19284 9476 9476 9476 9476 9470 9470 9493 19284 19284 19284 19284 9493 9493 9493 9493 9493 9493 9493 9493 9493 9493 9493 9493 9493 9493 9355 9389 9389 9389 9272 9410 4747 9480 4682 4682 6646 6505 6691 6606 6606 6598 6714 6714 6705 6700 6700 6748 19284 6700 6606 6606 6606 6598
9493 9493 9493 9570 9570 9565 9570 9302 9302 9355 9355 9355 9355 9326 9389 9355 9355 9355 9414 9414 9414 19284 9326 9326 9326 19284 19284 19284 9476 9476 9476 9476 9470 9470 9493 19284 19284 19284 9493 4741 4762 4741 4741 4741 4741 4741 4741 4741 4762 4762 4741 4762 4682 4716 4667 4703 4667 4741 4741 4682 4682 4682 6777 6505 6719 6655 6657 6505 6714 6714 6700 6700 6700 6748 19284 6606 6606 6606 6598 6598
9493 9493 9493 9493 9326 9570 9570 9302 9302 9355 9355 9355 9355 9355 9389 4716 4667 4667 4673 4673 4702 4703 4673 19276 19276 19284 19284 19284 4775 4775 4775 4775 4775 4762 4762 4762 4762 4762 4762 4762 4762 4762 4741 4762 4762 4741 4741 19284 4762 4762 4762 4762 4682 4716 4667 4667 4667 4741 4741 4667 4741 4741 6495 6719 6719 6655 6655 6505 6598 6748 6700 6700 6700 6700 6746 6606 6495 6495 6719 6598
4784 4784 4784 4634 4634 4634 4848 4667 4667 4667 4667 4667 4667 4667 4634 4716 4673 4673 4673 4673 4673 4673 4712 19276 4848 4848 19284 4775 4775 4850 4775 4775 4775 4775 4762 4762 4762 4762 4762 4762 4762 4762 4762 4762 4762 4762 4741 4741 4762 4762 4762 4762 4762 4762 4703 4682 4703 4741 4667 4667 4667 4741 4741 6700 6719 6655 6655 6598 6746 19284 19284 6517 6517 6517 6495 6495 6495 6719 6719 6491
4784 4634 4784 4848 4634 4784 4634 4667 4634 4667 4634 4673 4673 4673 4673 4673 4673 4673 4673 4848 4673 4716 4712 4712 19284 4703 4634 4634 4850 4850 4850 4775 4775 4775 4775 4729 4762 4762 4775 19284 19284 19284 4762 4762 4762 4762 4762 4762 4762 4762 4762 4762 4762 4762 4762 4682 4703 4703 4667 4712 4708 4741 4741 4741 6655 6655 6655 6598 6700 6700 19284 6655 6655 6655 6517 6495 6495 6719 6719 6655
4634 4634 4634 4784 4784 4784 4634 4634 4634 4634 4850 4673 4673 4673 4673 4673 4673 4850 4850 4673 4703 4703 4850 4712 4716 4716 4716 4634 4848 4638 4638 19284 19284 4775 4775 4775 4775 4729 4729 4775 4775 19284 4775 4775 4775 4762 4762 4762 4762 4762 4762 4762 4762 4762 4762 4762 4762 4762 4682 4682 4848 4741 4741 6646 6655 6655 6655 6700 6700 6700 6700 6655 6655 6517 19276 6495 6655 6719 6719 6655
4634 4634 4634 4634 4634 4784 4784 4638 4712 4634 4850 4850 4850 4673 4673 4673 4673 4850 4850 4673 4673 4673 4712 4703 4682 4682 4682 4634 4634 4638 4638 4775 4775 4775 4848 4848 4775 4775 4775 4775 4775 4775 4775 4775 4775 4775 4775 4762 4762 4762 4762 4762 4762 19284 4762 4762 4762 4848 4762 4741 4741 4741 6819 6819 6777 6777 6700 6700 6700 6700 6700 6655 6746 6517 6657 6495 6655 6719 6657 6606
4762 4634 4634 4634 4634 4634 4634 4638 4712 4634 4850 4850 4667 4673 4673 4673 4673 4850 4673 4673 4673 4848 4712 4703 4848 4848 4848 4712 4638 4638 4682 4638 4775 4775 4673 4673 4784 4784 4784 4747 4775 4775 19284 4775 4775 4775 4775 4747 4775 4762 4762 4762 4762 4762 4762 4762 4762 4747 4762 4741 4762 4762 4762 6822 19284 6777 6655 6655 6655 6495 6655 6655 6655 6655 6491 6495 6655 6655 6657 6691
4762 4700 4700 4700 4638 4716 4638 4638 4638 4667 4848 4848 4667 4673 4673 4673 4673 4673 4673 4673 4638 4634 4634 4703 4703 4673 4850 4712 4634 4682 4682 4682 4747 4775 4673 4673 4673 4784 4784 4784 4682 4775 19284 4775 4775 4775 4775 4775 4747 4762 4762 4762 4762 4762 19284 4762 4762 4762 4747 4747 4762 4762 19276 19276 19284 6822 6822 6655 6655 6655 6495 6696 6696 6655 6655 6491 6655 6646 6819 6691
4762 4762 4762 4762 4762 4638 4667 4667 4667 4667 4667 4667 4667 4673 4673 4673 4673 4634 4673 4673 4638 4634 4634 4634 4634 4673 4712 4848 4673 4673 4682 4682 4673 4784 4634 4673 4784 4784 19284 4784 4747 4682 19284 4784 4784 4784 4673 4682 4682 19284 19284 19284 4762 4762 4762 19284 19284 19284 19284 4747 4747 4747 19284 19276 19276 6819 6819 6819 6819 6777 6777 6777 6777 6777 6655 6655 6657 6819 6819 6691
4762 4762 4848 4762 4762 4762 4667 4667 4667 4667 4667 4667 4667 4673 4673 4673 4673 4712 4673 4673 4638 4673 4634 4634 4634 4673 19284 4673 4673 4848 4673 4673 4673 4784 4784 4784 4784 4784 19284 19284 4784 4700 4784 4784 4682 4682 4784 4784 4747 4747 19284 19284 19284 19284 4762 19284 19284 19284 19284 4762 4747 19284 19284 19284 6819 6819 6819 6819 6819 6777 6777 6777 6819 6819 6819 6819 6777 6819 6819 6819
4762 4784 4784 4784 4762 4762 4762 4762 4634 4784 4793 4784 4673 4673 4673 4673 4673 4673 4673 4673 4638 4638 4638 4634 4673 4673 4673 4673 4634 4673 4673 4784 4784 4784 4784 4784 4784 4784 19284 19284 19284 4700 4784 4784 4784 4784 4784 19284 19284 19284 19284 19284 4848 19284 19284 19284 19284 19284 19284 19284 4762 4762 19284 6819 6819 19284 6819 6819 6777 6819 6819 6819 6819 6819 6819 6819 6819 6819 6819 6819
4762 4762 4762 4762 4784 4762 4762 4762 4634 4784 4784 4784 4848 4673 4673 4667 4712 4712 4673 4662 4638 4638 4638 4634 4673 4673 4673 4634 4673 4784 4784 4784 4784 4784 4784 4784 4784 4784 19284 19284 19284 4700 19284 4784 4784 4784 4784 4784 19284 19284 19284 4747 4775 4775 4850 19284 19284 19284 19284 19284 4762 19284 4762 6819 6819 6819 6819 6819 6819 6819 6819 6819 6819 6819 6819 6819 6819 6819 6819 6819
4762 4762 4848 4784 4784 4762 4741 4634 4712 4784 4784 4784 4850 4667 4667 4667 4712 4712 4667 4634 4662 4662 4662 4784 4784 4784 4634 4634 4662 4662 4700 4700 4784 4784 4634 4634 4784 19284 19284 19284 4784 19284 19284 4784 4784 4784 4784 4784 4850 4703 4634 4634 4747 4775 4775 4775 4850 4703 19284 4638 19284 19284 19284 6819 6819 6819 6819 6819 6819 6819 6819 6819 6819 6819 6819 6819 6819 6819 6819 6819
4762 4784 4784 4784 4741 4741 4741 4634 4712 4784 4784 4850 4850 4667 4667 4667 4667 4667 4667 4634 4662 4662 4850 4784 4673 4673 4634 4634 4662 4634 4700 4700 4700 4634 4634 4634 4784 4784 19284 19284 19284 19284 19284 4784 4784 4784 19276 19284 4634 4703 4634 4634 4634 4747 4747 4848 4702 4703 4703 4638 19284 19284 19284 19284 19284 6927 6819 6819 6819 6819 6819 6819 6819 6819 6819 6819 6819 6819 6819 6819
4741 4775 4775 4784 4741 4741 4741 4741 4741 4747 4747 4741 4762 4667 4667 4667 4667 4667 4667 4662 4724 4724 4784 4673 4747 4673 4634 4662 4634 4634 4700 4700 4700 4700 4634 4634 4634 4784 19284 19284 19284 19284 4784 4784 4784 4784 19276 4784 4634 4703 4703 4775 4775 4775 4667 4747 4775 4625 4703 4638 19284 19284 19284 19284 19284 19284 6819 6819 19284 6945 6819 6819 6819 6819 6819 6819 6819 6819 6819 6819
4775 4741 4741 4741 4741 4741 4741 4741 4741 4741 4741 4762 4741 4667 4667 4671 4667 4667 4667 4741 19277 4784 4747 4747 4747 4673 4673 4662 4662 4634 4634 4634 4634 4700 4634 4634 4784 19284 19284 19284 19284 19284 4784 19284 4784 4784 4784 4784 4784 4634 4634 4703 4667 4667 4667 4667 4747 4638 4638 19284 19284 19284 19284 19284 19284 19284 19284 6927 19284 6945 6924 19284 19284 6819 6819 6819 6819 6819 6819 6819
4741 4741 4775 4775 4741 4741 4741 4741 4741 4741 4741 4762 4741 4667 4741 4741 4667 4716 4716 4716 19276 19276 4747 4747 4747 4662 4661 4662 4634 4634 4634 4634 4634 4634 4700 4784 4784 19284 19284 19284 19284 4784 4784 4700 4784 4784 4784 4784 4784 4634 4700 4703 4667 4667 4634 4667 4667 4638 4850 19284 19284 19284 19284 19284 19284 19284 19284 19284 19284 19284 19284 19284 19284 6864 6819 6819 6819 6819 6819 6819
4762 4762 4762 4741 4741 4741 4747 4747 4747 4741 4741 4741 4741 4741 4741 4667 4682 4682 4716 4741 4634 4634 4673 4747 4747 4747 4662 4788 4662 4634 4634 4848 4634 4634 4700 4784 4850 4788 19284 4784 4784 4784 4784 4784 4784 4784 4784 4784 4784 4634 4703 4703 4703 4667 4667 4712 4848 4682 19284 19284 19284 19284 19284 19284 19284 19284 19284 19284 19284 19284 19284 6945 19284 19284 19284 6819 6819 6819 6819 6819
